7 0.7052083333333333 0.7393518518518518 0.14114583333333333 0.275
6 0.513671875 0.5277777777777778 0.07786458333333333 0.26666666666666666
5 0.742578125 0.21597222222222223 0.06796875 0.26435185185185184
2 0.52734375 0.8342592592592593 0.06354166666666666 0.14537037037037037
2 0.3658854166666667 0.5905092592592592 0.09427083333333333 0.16064814814814815
2 0.19596354166666666 0.8108796296296297 0.09192708333333334 0.14953703703703702
11 0.6044270833333333 0.19212962962962962 0.10208333333333333 0.2814814814814815
1 0.4454427083333333 0.29768518518518516 0.04609375 0.0824074074074074
12 0.6260416666666667 0.41805555555555557 0.05677083333333333 0.12685185185185185
10 0.8295572916666667 0.4465277777777778 0.08411458333333334 0.12175925925925926
9 0.25078125 0.5534722222222223 0.0546875 0.09398148148148149
9 0.376953125 0.8009259259259259 0.054947916666666666 0.09166666666666666
