11 0.4361979166666667 0.2875 0.109375 0.2462962962962963
12 0.439453125 0.5050925925925925 0.05807291666666667 0.1259259259259259
1 0.28203125 0.3402777777777778 0.04739583333333333 0.07777777777777778
2 0.31471354166666665 0.868287037037037 0.07526041666666666 0.1486111111111111
2 0.18294270833333334 0.5953703703703703 0.09765625 0.16111111111111112
9 0.07630208333333334 0.5275462962962963 0.058854166666666666 0.08842592592592592
9 0.1765625 0.7965277777777777 0.057291666666666664 0.09027777777777778
6 0.32421875 0.5784722222222223 0.09791666666666667 0.2625
3 0.606640625 0.10277777777777777 0.04505208333333333 0.08518518518518518
5 0.561328125 0.35185185185185186 0.039322916666666666 0.24166666666666667
7 0.48151041666666666 0.8240740740740741 0.13489583333333333 0.2518518518518518
10 0.622265625 0.586574074074074 0.07161458333333333 0.1175925925925926
