7 0.45598958333333334 0.8354166666666667 0.125 0.26157407407407407
6 0.28072916666666664 0.6347222222222222 0.08177083333333333 0.2574074074074074
5 0.49466145833333336 0.3509259259259259 0.06015625 0.24259259259259258
9 0.15690104166666666 0.8881944444444444 0.05703125 0.0875
9 0.03567708333333333 0.6516203703703703 0.0578125 0.08935185185185185
10 0.5752604166666667 0.5650462962962963 0.06927083333333334 0.11435185185185186
11 0.36744791666666665 0.32175925925925924 0.09375 0.2564814814814815
12 0.388671875 0.5335648148148148 0.04973958333333333 0.12175925925925926
1 0.2203125 0.4131944444444444 0.0484375 0.07546296296296297
2 0.29739583333333336 0.9229166666666667 0.06875 0.13935185185185187
2 0.14466145833333333 0.6902777777777778 0.09817708333333333 0.15925925925925927
3 0.5192708333333333 0.09398148148148149 0.04479166666666667 0.08518518518518518
