9 0.30833333333333335 0.13796296296296295 0.0546875 0.09074074074074075
9 0.22291666666666668 0.4236111111111111 0.05572916666666667 0.08518518518518518
11 0.5953125 0.6023148148148149 0.1484375 0.09722222222222222
12 0.49440104166666665 0.7018518518518518 0.06432291666666666 0.08425925925925926
1 0.5006510416666666 0.37939814814814815 0.04244791666666667 0.07731481481481481
2 0.32721354166666666 0.3418981481481482 0.08411458333333334 0.1486111111111111
2 0.25481770833333334 0.6752314814814815 0.08828125 0.13935185185185187
2 0.15546875 0.12731481481481483 0.078125 0.13703703703703704
3 0.7647135416666667 0.7729166666666667 0.047135416666666666 0.08287037037037037
3 0.11979166666666667 0.5428240740740741 0.046875 0.07546296296296297
5 0.62578125 0.8189814814814815 0.1234375 0.1712962962962963
6 0.40546875 0.5634259259259259 0.14427083333333332 0.1388888888888889
8 0.06510416666666667 0.3875 0.11770833333333333 0.1574074074074074
