9 0.19205729166666666 0.22662037037037036 0.05651041666666667 0.09212962962962963
9 0.187890625 0.5523148148148148 0.05546875 0.08888888888888889
10 0.6247395833333333 0.8342592592592593 0.06614583333333333 0.1287037037037037
11 0.565625 0.39537037037037037 0.14895833333333333 0.14074074074074075
12 0.5015625 0.5828703703703704 0.0703125 0.1175925925925926
7 0.433203125 0.882175925925926 0.14453125 0.15324074074074073
6 0.3846354166666667 0.5282407407407408 0.14322916666666666 0.2222222222222222
3 0.7670572916666667 0.4289351851851852 0.048177083333333336 0.07916666666666666
3 0.12799479166666666 0.7425925925925926 0.04765625 0.07777777777777778
2 0.25885416666666666 0.39328703703703705 0.075 0.12824074074074074
2 0.28020833333333334 0.7523148148148148 0.09322916666666667 0.16296296296296298
2 0.054036458333333336 0.33935185185185185 0.10026041666666667 0.1537037037037037
5 0.6502604166666667 0.5847222222222223 0.09166666666666666 0.225
