4 0.5352864583333333 0.17708333333333334 0.04088541666666667 0.23935185185185184
6 0.12903645833333333 0.37245370370370373 0.13307291666666668 0.23564814814814813
8 0.441796875 0.12430555555555556 0.11484375 0.10787037037037037
9 0.35208333333333336 0.5689814814814815 0.050520833333333334 0.08333333333333333
9 0.317578125 0.26689814814814816 0.04869791666666667 0.08935185185185185
1 0.1390625 0.600925925925926 0.04635416666666667 0.07407407407407407
2 0.46315104166666665 0.41412037037037036 0.08255208333333333 0.14953703703703702
2 0.26809895833333336 0.4446759259259259 0.08255208333333333 0.13564814814814816
2 0.201171875 0.11041666666666666 0.08828125 0.15787037037037038
3 0.353125 0.050694444444444445 0.04375 0.07916666666666666
