2 0.31328125 0.33541666666666664 0.07760416666666667 0.14027777777777778
2 0.27591145833333336 0.6872685185185186 0.09244791666666667 0.15324074074074073
2 0.12278645833333333 0.18009259259259258 0.08828125 0.14444444444444443
3 0.789453125 0.6206018518518519 0.048177083333333336 0.08009259259259259
3 0.13033854166666667 0.6030092592592593 0.04765625 0.07731481481481481
5 0.655859375 0.7111111111111111 0.11640625 0.19814814814814816
6 0.41171875 0.5273148148148148 0.14791666666666667 0.17592592592592593
7 0.4016927083333333 0.8935185185185185 0.14453125 0.15092592592592594
8 0.060546875 0.4615740740740741 0.12109375 0.1398148148148148
9 0.218359375 0.45069444444444445 0.055989583333333336 0.07916666666666666
9 0.2735677083333333 0.14166666666666666 0.05078125 0.09537037037037037
10 0.5919270833333333 0.9342592592592592 0.0703125 0.12407407407407407
11 0.6032552083333333 0.4925925925925926 0.14869791666666668 0.0824074074074074
12 0.5147135416666667 0.6370370370370371 0.06744791666666666 0.10092592592592593
1 0.48776041666666664 0.3164351851851852 0.04375 0.07546296296296297
