9 0.5600260416666667 0.9435185185185185 0.05130208333333333 0.09814814814814815
9 0.65859375 0.6638888888888889 0.05416666666666667 0.0962962962962963
8 0.8216145833333334 0.7194444444444444 0.11822916666666666 0.17222222222222222
11 0.2747395833333333 0.45717592592592593 0.15885416666666666 0.10787037037037037
12 0.3790364583333333 0.35810185185185184 0.06848958333333334 0.08564814814814815
1 0.37135416666666665 0.6858796296296297 0.046875 0.08287037037037037
2 0.5458333333333333 0.7393518518518518 0.0828125 0.16203703703703703
2 0.6317708333333333 0.39837962962962964 0.08541666666666667 0.13842592592592592
3 0.776171875 0.5432870370370371 0.05026041666666667 0.08101851851851852
3 0.10677083333333333 0.26828703703703705 0.04895833333333333 0.08101851851851852
5 0.24596354166666667 0.22685185185185186 0.13307291666666668 0.17407407407407408
6 0.465234375 0.5145833333333333 0.14765625 0.13657407407407407
7 0.524609375 0.1300925925925926 0.15494791666666666 0.19537037037037036
