1 0.21588541666666666 0.7199074074074074 0.04479166666666667 0.075
2 0.29296875 0.475462962962963 0.08958333333333333 0.14444444444444443
2 0.4609375 0.2914351851851852 0.08072916666666667 0.13564814814814816
2 0.15416666666666667 0.22199074074074074 0.07447916666666667 0.12916666666666668
3 0.27369791666666665 0.04884259259259259 0.04479166666666667 0.07824074074074074
6 0.153515625 0.5157407407407407 0.09036458333333333 0.24259259259259258
9 0.3990885416666667 0.5243055555555556 0.048177083333333336 0.0837962962962963
9 0.293359375 0.2740740740740741 0.05286458333333333 0.08055555555555556
11 0.07434895833333334 0.7842592592592592 0.09661458333333334 0.22870370370370371
12 0.05559895833333333 0.5916666666666667 0.05546875 0.11296296296296296
