9 0.47486979166666665 0.7460648148148148 0.04401041666666667 0.08564814814814815
9 0.3313802083333333 0.893287037037037 0.04765625 0.09027777777777778
11 0.21041666666666667 0.29421296296296295 0.13229166666666667 0.19583333333333333
12 0.32369791666666664 0.2949074074074074 0.06875 0.10185185185185185
1 0.239453125 0.5525462962962963 0.04401041666666667 0.07268518518518519
2 0.36744791666666665 0.7243055555555555 0.08333333333333333 0.14953703703703702
2 0.515625 0.5215277777777778 0.07239583333333334 0.12083333333333333
3 0.5930989583333334 0.7372685185185185 0.04140625 0.07268518518518519
5 0.24583333333333332 0.08356481481481481 0.13333333333333333 0.06712962962962964
6 0.3561197916666667 0.48842592592592593 0.14192708333333334 0.16574074074074074
7 0.4923177083333333 0.23055555555555557 0.12265625 0.23981481481481481
