1 0.21510416666666668 0.8194444444444444 0.04479166666666667 0.07685185185185185
2 0.4295572916666667 0.3486111111111111 0.07682291666666667 0.12685185185185185
2 0.275 0.562037037037037 0.090625 0.14907407407407408
2 0.12317708333333334 0.3416666666666667 0.07395833333333333 0.1175925925925926
3 0.23020833333333332 0.1476851851851852 0.04583333333333333 0.0787037037037037
6 0.14088541666666668 0.631712962962963 0.07916666666666666 0.2439814814814815
8 0.317578125 0.12569444444444444 0.10286458333333333 0.16342592592592592
9 0.38372395833333334 0.5902777777777778 0.047135416666666666 0.08796296296296297
9 0.2630208333333333 0.36435185185185187 0.05364583333333333 0.07777777777777778
12 0.048567708333333334 0.7261574074074074 0.05182291666666667 0.11342592592592593
