12 0.041276041666666666 0.562962962962963 0.05807291666666667 0.11574074074074074
11 0.0515625 0.7581018518518519 0.103125 0.2152777777777778
1 0.19440104166666666 0.719212962962963 0.04453125 0.07175925925925926
2 0.28411458333333334 0.49212962962962964 0.09010416666666667 0.14444444444444443
2 0.4609375 0.3416666666666667 0.08125 0.14074074074074075
2 0.16002604166666667 0.21689814814814815 0.07734375 0.13657407407407407
3 0.2889322916666667 0.06782407407407408 0.04453125 0.07731481481481481
6 0.14270833333333333 0.5081018518518519 0.1015625 0.24305555555555555
8 0.381640625 0.08171296296296296 0.11171875 0.13842592592592592
9 0.38697916666666665 0.5583333333333333 0.04791666666666667 0.08425925925925926
9 0.29635416666666664 0.293287037037037 0.053125 0.08472222222222223
