12 0.15911458333333334 0.819675925925926 0.0609375 0.1300925925925926
9 0.42604166666666665 0.5127314814814815 0.05416666666666667 0.09027777777777778
9 0.527734375 0.7888888888888889 0.04973958333333333 0.09537037037037037
8 0.5188802083333334 0.28912037037037036 0.11901041666666666 0.1486111111111111
7 0.10390625 0.5074074074074074 0.15364583333333334 0.24166666666666667
6 0.2674479166666667 0.7543981481481481 0.1015625 0.2726851851851852
4 0.62421875 0.2657407407407407 0.09166666666666666 0.23981481481481481
3 0.41432291666666665 0.2763888888888889 0.04479166666666667 0.07962962962962963
2 0.6061197916666666 0.5534722222222223 0.08723958333333333 0.15416666666666667
2 0.41549479166666664 0.7247685185185185 0.08671875 0.16620370370370371
2 0.28072916666666664 0.44513888888888886 0.07916666666666666 0.13657407407407407
