11 0.24778645833333332 0.45925925925925926 0.15911458333333334 0.08425925925925926
12 0.33736979166666664 0.3175925925925926 0.07473958333333333 0.10555555555555556
1 0.366796875 0.6425925925925926 0.046614583333333334 0.08148148148148149
2 0.5404947916666667 0.6342592592592593 0.07473958333333333 0.14814814814814814
2 0.7341145833333333 0.8027777777777778 0.08229166666666667 0.15092592592592594
2 0.5885416666666666 0.2701388888888889 0.08854166666666667 0.1550925925925926
3 0.7450520833333333 0.36180555555555555 0.049479166666666664 0.08287037037037037
3 0.065234375 0.3236111111111111 0.04921875 0.0787037037037037
4 0.8747395833333333 0.6606481481481481 0.09322916666666667 0.24351851851851852
5 0.19505208333333332 0.23425925925925925 0.1203125 0.20462962962962963
6 0.43802083333333336 0.43819444444444444 0.15104166666666666 0.1736111111111111
8 0.8106770833333333 0.5171296296296296 0.12708333333333333 0.14907407407407408
9 0.643359375 0.5208333333333334 0.054427083333333334 0.08425925925925926
9 0.57734375 0.8284722222222223 0.0484375 0.09953703703703703
