6 0.36809895833333334 0.37939814814814815 0.15859375 0.1597222222222222
3 0.07096354166666667 0.40625 0.04921875 0.07916666666666666
3 0.7580729166666667 0.5585648148148148 0.049479166666666664 0.08194444444444444
5 0.6119791666666666 0.6229166666666667 0.1265625 0.1912037037037037
7 0.33515625 0.7643518518518518 0.16145833333333334 0.17685185185185184
2 0.21666666666666667 0.5238425925925926 0.096875 0.14583333333333334
2 0.27630208333333334 0.15763888888888888 0.08697916666666666 0.15416666666666667
1 0.46145833333333336 0.17731481481481481 0.0453125 0.08518518518518518
11 0.56953125 0.39791666666666664 0.15677083333333333 0.08657407407407407
12 0.46927083333333336 0.5180555555555556 0.0703125 0.09444444444444444
9 0.17200520833333333 0.26319444444444445 0.05911458333333333 0.08935185185185185
10 0.5295572916666667 0.8456018518518519 0.07109375 0.12546296296296297
