7 0.665625 0.5502314814814815 0.07395833333333333 0.23935185185185184
6 0.472265625 0.5405092592592593 0.09296875 0.2412037037037037
5 0.5653645833333333 0.13078703703703703 0.10520833333333333 0.1912037037037037
2 0.3795572916666667 0.7016203703703704 0.06953125 0.12361111111111112
2 0.5608072916666667 0.7583333333333333 0.07473958333333333 0.14722222222222223
1 0.365625 0.4219907407407407 0.041666666666666664 0.07083333333333333
12 0.5290364583333333 0.36944444444444446 0.053385416666666664 0.11574074074074074
11 0.44947916666666665 0.2273148148148148 0.04375 0.2490740740740741
10 0.6872395833333333 0.23171296296296295 0.06354166666666666 0.11898148148148148
9 0.2838541666666667 0.7650462962962963 0.04895833333333333 0.08287037037037037
9 0.441015625 0.850925925925926 0.04296875 0.08888888888888889
