1 0.325 0.8090277777777778 0.04739583333333333 0.08287037037037037
2 0.44700520833333335 0.5993055555555555 0.08515625 0.15787037037037038
2 0.6559895833333333 0.5 0.09427083333333333 0.16111111111111112
2 0.3463541666666667 0.2708333333333333 0.08645833333333333 0.15462962962962962
3 0.49830729166666665 0.15601851851851853 0.045572916666666664 0.08518518518518518
4 0.7087239583333333 0.2222222222222222 0.07057291666666667 0.25833333333333336
5 0.05611979166666667 0.700925925925926 0.04869791666666667 0.24074074074074073
6 0.296484375 0.5740740740740741 0.12317708333333334 0.2657407407407407
7 0.16328125 0.2636574074074074 0.16354166666666667 0.21898148148148147
8 0.6045572916666667 0.20046296296296295 0.12734375 0.13240740740740742
9 0.48190104166666664 0.39537037037037037 0.04973958333333333 0.09166666666666666
9 0.548828125 0.7037037037037037 0.05182291666666667 0.08796296296296297
11 0.16731770833333334 0.8085648148148148 0.12734375 0.21435185185185185
12 0.18046875 0.5993055555555555 0.06875 0.1300925925925926
