11 0.27578125 0.4648148148148148 0.15885416666666666 0.11481481481481481
12 0.3829427083333333 0.3701388888888889 0.06848958333333334 0.0837962962962963
1 0.3697916666666667 0.6988425925925926 0.04635416666666667 0.08287037037037037
2 0.5428385416666667 0.7599537037037037 0.08307291666666666 0.16527777777777777
2 0.6346354166666667 0.4252314814814815 0.08489583333333334 0.13657407407407407
3 0.7759114583333333 0.5761574074074074 0.05078125 0.08194444444444444
3 0.1109375 0.2659722222222222 0.0484375 0.07916666666666666
5 0.25169270833333335 0.23310185185185187 0.13515625 0.16898148148148148
6 0.46653645833333335 0.5310185185185186 0.14713541666666666 0.12962962962962962
7 0.5317708333333333 0.15393518518518517 0.15572916666666667 0.20416666666666666
8 0.81875 0.7564814814814815 0.11614583333333334 0.18055555555555555
9 0.6572916666666667 0.6900462962962963 0.05416666666666667 0.09675925925925925
