9 0.37981770833333334 0.600925925925926 0.046614583333333334 0.08703703703703704
9 0.2576822916666667 0.3773148148148148 0.05286458333333333 0.07685185185185185
8 0.3106770833333333 0.13773148148148148 0.103125 0.16435185185185186
6 0.13723958333333333 0.6479166666666667 0.07916666666666666 0.2412037037037037
3 0.22213541666666667 0.1613425925925926 0.0453125 0.07453703703703704
2 0.42578125 0.35694444444444445 0.0765625 0.12777777777777777
2 0.27096354166666664 0.575462962962963 0.09088541666666666 0.14351851851851852
2 0.11731770833333334 0.35856481481481484 0.07473958333333333 0.11712962962962963
1 0.21276041666666667 0.8340277777777778 0.04375 0.07546296296296297
12 0.04674479166666667 0.7425925925925926 0.05182291666666667 0.11018518518518519
