12 0.39088541666666665 0.4252314814814815 0.0671875 0.08101851851851852
11 0.27838541666666666 0.49421296296296297 0.15572916666666667 0.13935185185185187
10 0.37604166666666666 0.07569444444444444 0.07291666666666667 0.13564814814814816
9 0.6404947916666667 0.7962962962962963 0.05130208333333333 0.09814814814814815
8 0.7923177083333334 0.8965277777777778 0.10703125 0.19212962962962962
7 0.5524739583333333 0.24282407407407408 0.15182291666666667 0.21712962962962962
6 0.46263020833333335 0.6013888888888889 0.14088541666666668 0.10555555555555556
5 0.26979166666666665 0.2611111111111111 0.13802083333333334 0.14351851851851852
3 0.76484375 0.7097222222222223 0.05 0.0824074074074074
3 0.12786458333333334 0.2622685185185185 0.04895833333333333 0.07916666666666666
1 0.35703125 0.7442129629629629 0.0484375 0.0837962962962963
2 0.52265625 0.8435185185185186 0.08541666666666667 0.16666666666666666
2 0.6356770833333333 0.5310185185185186 0.0796875 0.12407407407407407
