12 0.3854166666666667 0.38587962962962963 0.0671875 0.08009259259259259
1 0.36640625 0.711574074074074 0.04635416666666667 0.08425925925925926
2 0.5385416666666667 0.7849537037037037 0.08489583333333334 0.16805555555555557
2 0.6360677083333334 0.4546296296296296 0.08463541666666667 0.13518518518518519
3 0.7747395833333334 0.6148148148148148 0.050520833333333334 0.08425925925925926
3 0.11627604166666666 0.26458333333333334 0.04921875 0.08194444444444444
5 0.25703125 0.2388888888888889 0.13697916666666668 0.16111111111111112
6 0.46588541666666666 0.5502314814814815 0.146875 0.12268518518518519
7 0.5389322916666667 0.17569444444444443 0.15494791666666666 0.20601851851851852
8 0.8131510416666666 0.7976851851851852 0.11328125 0.18333333333333332
9 0.6536458333333334 0.7212962962962963 0.053125 0.09814814814814815
11 0.276953125 0.4710648148148148 0.15859375 0.11990740740740741
