7 0.5954427083333333 0.4013888888888889 0.09140625 0.24537037037037038
6 0.41692708333333334 0.5481481481481482 0.12864583333333332 0.2175925925925926
5 0.396484375 0.10208333333333333 0.12630208333333334 0.11805555555555555
3 0.581640625 0.919212962962963 0.039322916666666666 0.07916666666666666
2 0.37747395833333336 0.7680555555555556 0.07630208333333334 0.13148148148148148
2 0.5559895833333334 0.6759259259259259 0.07916666666666666 0.14537037037037037
1 0.29296875 0.5263888888888889 0.044270833333333336 0.07037037037037037
12 0.42604166666666665 0.3486111111111111 0.065625 0.12129629629629629
11 0.318359375 0.2763888888888889 0.10078125 0.23796296296296296
10 0.53359375 0.09560185185185185 0.06614583333333333 0.11527777777777778
9 0.471484375 0.8546296296296296 0.04609375 0.08425925925925926
9 0.3087239583333333 0.899537037037037 0.047135416666666666 0.09074074074074075
