12 0.384375 0.5289351851851852 0.07083333333333333 0.10046296296296296
11 0.2654947916666667 0.5548611111111111 0.14817708333333332 0.18194444444444444
10 0.41067708333333336 0.18935185185185185 0.06666666666666667 0.13425925925925927
7 0.5598958333333334 0.4201388888888889 0.140625 0.24027777777777778
6 0.43333333333333335 0.7240740740740741 0.146875 0.15925925925925927
5 0.2858072916666667 0.32592592592592595 0.14244791666666667 0.09444444444444444
3 0.14713541666666666 0.2712962962962963 0.0484375 0.08055555555555556
2 0.6067708333333334 0.7196759259259259 0.07604166666666666 0.12824074074074074
3 0.70703125 0.9321759259259259 0.04739583333333333 0.09027777777777778
1 0.31354166666666666 0.8189814814814815 0.04791666666666667 0.08333333333333333
