9 0.15130208333333334 0.28703703703703703 0.058854166666666666 0.08703703703703704
9 0.185546875 0.6069444444444444 0.054427083333333334 0.09074074074074075
10 0.645703125 0.7236111111111111 0.06536458333333334 0.13055555555555556
11 0.5377604166666666 0.3145833333333333 0.140625 0.18472222222222223
12 0.49583333333333335 0.5219907407407407 0.06927083333333334 0.12731481481481483
1 0.3860677083333333 0.2601851851851852 0.04453125 0.07777777777777778
2 0.2359375 0.42476851851851855 0.08541666666666667 0.14305555555555555
2 0.2984375 0.7694444444444445 0.090625 0.16018518518518518
3 0.7381510416666667 0.27037037037037037 0.04765625 0.08055555555555556
3 0.14947916666666666 0.8168981481481481 0.0484375 0.07916666666666666
5 0.6415364583333333 0.46782407407407406 0.06901041666666667 0.2375
6 0.37356770833333336 0.5113425925925926 0.13359375 0.24675925925925926
7 0.46380208333333334 0.8444444444444444 0.14635416666666667 0.18611111111111112
