8 0.103515625 0.5854166666666667 0.13307291666666668 0.1125
9 0.24479166666666666 0.4340277777777778 0.05520833333333333 0.09398148148148149
9 0.20078125 0.09791666666666667 0.058333333333333334 0.09305555555555556
10 0.7341145833333333 0.5141203703703704 0.07395833333333333 0.13194444444444445
12 0.5690104166666666 0.3113425925925926 0.07395833333333333 0.13564814814814816
1 0.4454427083333333 0.04652777777777778 0.047135416666666666 0.08842592592592592
2 0.367578125 0.594212962962963 0.09140625 0.16157407407407406
2 0.29388020833333334 0.23541666666666666 0.09036458333333333 0.1597222222222222
2 0.08020833333333334 0.27824074074074073 0.10572916666666667 0.1648148148148148
3 0.211328125 0.6615740740740741 0.047135416666666666 0.07962962962962963
5 0.725 0.23726851851851852 0.07083333333333333 0.26157407407407407
6 0.440625 0.30486111111111114 0.134375 0.2652777777777778
7 0.545703125 0.6518518518518519 0.15494791666666666 0.20092592592592592
