8 0.76328125 0.36689814814814814 0.13177083333333334 0.13842592592592592
11 0.201171875 0.4636574074074074 0.15859375 0.10601851851851851
12 0.2766927083333333 0.29097222222222224 0.07786458333333333 0.11435185185185186
1 0.33489583333333334 0.6087962962962963 0.046875 0.07962962962962963
2 0.710546875 0.6694444444444444 0.08880208333333334 0.15833333333333333
2 0.5053385416666667 0.5534722222222223 0.06744791666666666 0.13657407407407407
2 0.5213541666666667 0.18009259259259258 0.08802083333333334 0.17222222222222222
3 0.6854166666666667 0.22870370370370371 0.0484375 0.08518518518518518
4 0.8391927083333334 0.49166666666666664 0.07682291666666667 0.25277777777777777
5 0.13190104166666666 0.24837962962962962 0.11015625 0.22361111111111112
6 0.38645833333333335 0.38425925925925924 0.15364583333333334 0.2037037037037037
9 0.5970052083333334 0.4152777777777778 0.05234375 0.08703703703703704
9 0.5579427083333334 0.7363425925925926 0.04609375 0.09768518518518518
