10 0.5967447916666667 0.9231481481481482 0.06953125 0.1259259259259259
11 0.6036458333333333 0.4777777777777778 0.14895833333333333 0.08148148148148149
12 0.5161458333333333 0.6270833333333333 0.06822916666666666 0.10046296296296296
1 0.485546875 0.3085648148148148 0.04296875 0.0763888888888889
2 0.31028645833333335 0.3335648148148148 0.07786458333333333 0.13657407407407407
3 0.7912760416666667 0.6020833333333333 0.046614583333333334 0.07546296296296297
3 0.13111979166666668 0.6078703703703704 0.046614583333333334 0.075
5 0.6580729166666667 0.6953703703703704 0.1140625 0.20185185185185187
6 0.4119791666666667 0.5219907407407407 0.14635416666666667 0.1763888888888889
7 0.40651041666666665 0.8870370370370371 0.14583333333333334 0.14814814814814814
9 0.21822916666666667 0.4511574074074074 0.05520833333333333 0.08009259259259259
9 0.27005208333333336 0.1400462962962963 0.0515625 0.09398148148148149
2 0.27786458333333336 0.687962962962963 0.09114583333333333 0.15185185185185185
2 0.11953125 0.18263888888888888 0.08854166666666667 0.1449074074074074
