2 0.34713541666666664 0.7379629629629629 0.08802083333333334 0.1527777777777778
2 0.5588541666666667 0.4532407407407407 0.06145833333333333 0.12037037037037036
12 0.6669270833333333 0.5217592592592593 0.05364583333333333 0.11574074074074074
11 0.1828125 0.569212962962963 0.15625 0.11527777777777778
6 0.29791666666666666 0.20972222222222223 0.14479166666666668 0.16111111111111112
10 0.4739583333333333 0.06111111111111111 0.0625 0.11851851851851852
10 0.22057291666666667 0.8060185185185185 0.07552083333333333 0.11944444444444445
7 0.5322916666666667 0.7488425925925926 0.140625 0.12546296296296297
9 0.46145833333333336 0.9254629629629629 0.04583333333333333 0.1
0 0.6328125 0.22870370370370371 0.10416666666666667 0.13518518518518519
0 0.40677083333333336 0.4946759259259259 0.0875 0.1736111111111111
8 0.4674479166666667 0.2986111111111111 0.0953125 0.1574074074074074
