2 0.7122395833333334 0.4127314814814815 0.07239583333333334 0.12638888888888888
2 0.4640625 0.3414351851851852 0.07916666666666666 0.1439814814814815
2 0.22760416666666666 0.625462962962963 0.090625 0.14537037037037037
12 0.42135416666666664 0.17037037037037037 0.065625 0.1037037037037037
5 0.14739583333333334 0.444212962962963 0.059375 0.22916666666666666
3 0.2520833333333333 0.9150462962962963 0.04375 0.08101851851851852
11 0.7596354166666667 0.7349537037037037 0.14010416666666667 0.1726851851851852
6 0.546875 0.8476851851851852 0.11458333333333333 0.2537037037037037
10 0.3502604166666667 0.7372685185185185 0.06302083333333333 0.12638888888888888
10 0.8171875 0.5166666666666667 0.06666666666666667 0.1175925925925926
7 0.5989583333333334 0.18356481481481482 0.11666666666666667 0.2449074074074074
9 0.70390625 0.1622685185185185 0.050520833333333334 0.08194444444444444
9 0.07552083333333333 0.45601851851851855 0.052083333333333336 0.08518518518518518
0 0.5841145833333333 0.5046296296296297 0.033854166666666664 0.20925925925925926
0 0.30963541666666666 0.4046296296296296 0.03697916666666667 0.2111111111111111
8 0.4666666666666667 0.5724537037037037 0.058333333333333334 0.19953703703703704
