12 0.36171875 0.20879629629629629 0.06510416666666667 0.1111111111111111
11 0.7677083333333333 0.6060185185185185 0.14583333333333334 0.11851851851851852
10 0.7919270833333333 0.36875 0.06822916666666666 0.11527777777777778
10 0.37734375 0.7958333333333333 0.06510416666666667 0.11851851851851852
9 0.06432291666666666 0.6456018518518518 0.0578125 0.08472222222222223
9 0.6338541666666667 0.08032407407407408 0.04791666666666667 0.0837962962962963
8 0.46328125 0.5798611111111112 0.07135416666666666 0.1986111111111111
7 0.5372395833333333 0.1425925925925926 0.12864583333333332 0.2222222222222222
6 0.5815104166666667 0.8055555555555556 0.13385416666666666 0.22870370370370371
5 0.13567708333333334 0.6050925925925926 0.04114583333333333 0.22870370370370371
2 0.678125 0.3148148148148148 0.065625 0.12037037037037036
2 0.4296875 0.35532407407407407 0.07916666666666666 0.14583333333333334
2 0.23932291666666666 0.7368055555555556 0.09322916666666667 0.1550925925925926
0 0.28932291666666665 0.48703703703703705 0.0609375 0.20833333333333334
0 0.565625 0.4625 0.03958333333333333 0.20833333333333334
