12 0.3078125 0.19907407407407407 0.06145833333333333 0.1175925925925926
11 0.7606770833333333 0.35694444444444445 0.14010416666666667 0.07037037037037037
10 0.7427083333333333 0.13819444444444445 0.06770833333333333 0.1087962962962963
10 0.43020833333333336 0.7481481481481481 0.06458333333333334 0.10277777777777777
9 0.10807291666666667 0.780787037037037 0.05677083333333333 0.08472222222222223
8 0.4703125 0.4960648148148148 0.08229166666666667 0.18101851851851852
7 0.46875 0.07592592592592592 0.13333333333333333 0.15185185185185185
7 0.5432291666666667 0.9076388888888889 0.13645833333333332 0.1763888888888889
6 0.6244791666666667 0.6472222222222223 0.13854166666666667 0.17685185185185184
5 0.16901041666666666 0.700925925925926 0.07552083333333333 0.22870370370370371
2 0.6294270833333333 0.14699074074074073 0.07552083333333333 0.14212962962962963
2 0.4036458333333333 0.31296296296296294 0.06979166666666667 0.13425925925925927
2 0.29140625 0.7715277777777778 0.08489583333333334 0.14675925925925926
0 0.290625 0.5131944444444444 0.09166666666666666 0.17175925925925925
0 0.5515625 0.3375 0.065625 0.19166666666666668
