12 0.31328125 0.20925925925925926 0.06197916666666667 0.12222222222222222
11 0.7611979166666667 0.36435185185185187 0.14114583333333333 0.0712962962962963
10 0.74375 0.14351851851851852 0.06770833333333333 0.1037037037037037
10 0.4309895833333333 0.7532407407407408 0.0640625 0.10462962962962963
9 0.10859375 0.7821759259259259 0.05677083333333333 0.08009259259259259
8 0.47161458333333334 0.5027777777777778 0.08177083333333333 0.1787037037037037
7 0.4703125 0.07685185185185185 0.13229166666666667 0.14814814814814814
7 0.5434895833333333 0.9099537037037037 0.13385416666666666 0.17175925925925925
6 0.6236979166666666 0.6513888888888889 0.14010416666666667 0.17777777777777778
5 0.16901041666666666 0.705787037037037 0.0765625 0.2273148148148148
2 0.29192708333333334 0.7763888888888889 0.08385416666666666 0.14907407407407408
2 0.40546875 0.31574074074074077 0.06927083333333334 0.13425925925925927
2 0.63046875 0.15393518518518517 0.0765625 0.14212962962962963
0 0.29010416666666666 0.5208333333333334 0.09375 0.16666666666666666
0 0.5526041666666667 0.34444444444444444 0.065625 0.1935185185185185
