2 0.5739583333333333 0.3835648148148148 0.071875 0.1412037037037037
2 0.428125 0.7712962962962963 0.08541666666666667 0.15092592592592594
12 0.68828125 0.38587962962962963 0.04010416666666667 0.11064814814814815
11 0.23541666666666666 0.7108796296296296 0.14583333333333334 0.1875
6 0.28151041666666665 0.29814814814814816 0.14010416666666667 0.13240740740740742
10 0.4205729166666667 0.06319444444444444 0.058854166666666666 0.12268518518518519
10 0.3203125 0.9122685185185185 0.06666666666666667 0.12638888888888888
7 0.6065104166666667 0.6722222222222223 0.14427083333333332 0.1361111111111111
9 0.5705729166666667 0.8835648148148149 0.05260416666666667 0.08472222222222223
0 0.5994791666666667 0.1337962962962963 0.11354166666666667 0.07962962962962963
0 0.43802083333333336 0.5108796296296296 0.11041666666666666 0.12175925925925926
8 0.45625 0.29212962962962963 0.10625 0.12407407407407407
