2 0.7421875 0.43842592592592594 0.08854166666666667 0.14814814814814814
2 0.5145833333333333 0.21875 0.07604166666666666 0.1412037037037037
2 0.23776041666666667 0.32916666666666666 0.07760416666666667 0.13148148148148148
5 0.203125 0.12777777777777777 0.09583333333333334 0.21388888888888888
1 0.16692708333333334 0.7828703703703703 0.0484375 0.0787037037037037
3 0.19713541666666667 0.6171296296296296 0.0453125 0.07685185185185185
11 0.728125 0.7833333333333333 0.12083333333333333 0.23981481481481481
0 0.36015625 0.18518518518518517 0.044270833333333336 0.20833333333333334
0 0.5971354166666667 0.444212962962963 0.0640625 0.2050925925925926
6 0.49166666666666664 0.7405092592592593 0.078125 0.2625
8 0.47161458333333334 0.425462962962963 0.06510416666666667 0.19537037037037036
9 0.13776041666666666 0.09675925925925925 0.0546875 0.09074074074074075
9 0.7817708333333333 0.20532407407407408 0.05 0.0912037037037037
10 0.8263020833333333 0.6094907407407407 0.07552083333333333 0.10972222222222222
10 0.3263020833333333 0.5148148148148148 0.06927083333333334 0.1111111111111111
7 0.6744791666666666 0.15185185185185185 0.09270833333333334 0.25277777777777777
7 0.3143229166666667 0.775 0.14635416666666667 0.21296296296296297
