2 0.5645833333333333 0.37546296296296294 0.08020833333333334 0.15092592592592594
2 0.47760416666666666 0.819212962962963 0.08229166666666667 0.1439814814814815
12 0.67421875 0.33125 0.0515625 0.11342592592592593
11 0.27682291666666664 0.8405092592592592 0.12760416666666666 0.23564814814814813
6 0.2640625 0.4150462962962963 0.15 0.1763888888888889
10 0.36744791666666665 0.12291666666666666 0.06614583333333333 0.11712962962962963
7 0.6364583333333333 0.6456018518518518 0.14479166666666668 0.1837962962962963
7 0.22682291666666668 0.14351851851851852 0.11197916666666667 0.2537037037037037
9 0.63046875 0.8601851851851852 0.050520833333333334 0.08981481481481482
0 0.553125 0.12291666666666666 0.115625 0.06620370370370371
0 0.44973958333333336 0.5581018518518519 0.11927083333333334 0.08194444444444444
8 0.43307291666666664 0.3351851851851852 0.10989583333333333 0.10740740740740741
