2 0.6932291666666667 0.37453703703703706 0.06770833333333333 0.12129629629629629
2 0.44557291666666665 0.3451388888888889 0.0796875 0.1449074074074074
2 0.22473958333333333 0.6648148148148149 0.09114583333333333 0.14907407407407408
12 0.39427083333333335 0.18611111111111112 0.06666666666666667 0.10925925925925926
5 0.1375 0.5016203703703703 0.051041666666666666 0.22916666666666666
3 0.26484375 0.9511574074074074 0.04739583333333333 0.08009259259259259
11 0.7580729166666667 0.6891203703703703 0.1421875 0.15601851851851853
6 0.5546875 0.8331018518518518 0.11979166666666667 0.24861111111111112
10 0.3536458333333333 0.7620370370370371 0.0625 0.11851851851851852
10 0.8036458333333333 0.46458333333333335 0.065625 0.11342592592592593
7 0.571875 0.16967592592592592 0.11979166666666667 0.23472222222222222
9 0.6731770833333334 0.13518518518518519 0.049479166666666664 0.08518518518518518
9 0.06458333333333334 0.5261574074074075 0.05625 0.08842592592592592
0 0.5713541666666667 0.4912037037037037 0.03333333333333333 0.2064814814814815
0 0.296875 0.43472222222222223 0.04479166666666667 0.21203703703703702
8 0.45989583333333334 0.5770833333333333 0.06145833333333333 0.1986111111111111
