2 0.5705729166666667 0.39189814814814816 0.08177083333333333 0.1476851851851852
2 0.5294270833333333 0.8601851851851852 0.0765625 0.13333333333333333
12 0.6731770833333334 0.3138888888888889 0.0578125 0.11851851851851852
3 0.2635416666666667 0.047453703703703706 0.041666666666666664 0.07083333333333333
6 0.27890625 0.5222222222222223 0.14947916666666666 0.2037037037037037
10 0.3502604166666667 0.1988425925925926 0.06614583333333333 0.11157407407407408
7 0.6684895833333333 0.6372685185185185 0.14427083333333332 0.21435185185185185
7 0.21302083333333333 0.2625 0.09895833333333333 0.25277777777777777
9 0.6838541666666667 0.850462962962963 0.05 0.09351851851851851
1 0.175 0.05925925925925926 0.04375 0.07685185185185185
0 0.5333333333333333 0.1386574074074074 0.11354166666666667 0.06805555555555555
0 0.4747395833333333 0.6106481481481482 0.11927083333333334 0.062037037037037036
8 0.43723958333333335 0.3888888888888889 0.11197916666666667 0.10092592592592593
