2 0.24010416666666667 0.46111111111111114 0.08645833333333333 0.14814814814814814
2 0.48828125 0.6143518518518518 0.08072916666666667 0.14722222222222223
2 0.7401041666666667 0.4101851851851852 0.08229166666666667 0.13333333333333333
12 0.5182291666666666 0.830787037037037 0.06875 0.09583333333333334
3 0.7333333333333333 0.14953703703703702 0.041666666666666664 0.07592592592592592
8 0.5083333333333333 0.3849537037037037 0.05520833333333333 0.19583333333333333
5 0.8052083333333333 0.6076388888888888 0.06770833333333333 0.22175925925925927
11 0.23619791666666667 0.14606481481481481 0.12447916666666667 0.20324074074074075
6 0.4596354166666667 0.12037037037037036 0.09114583333333333 0.2351851851851852
7 0.32838541666666665 0.743287037037037 0.10885416666666667 0.2587962962962963
0 0.38385416666666666 0.41759259259259257 0.051041666666666666 0.2037037037037037
0 0.64765625 0.5997685185185185 0.034895833333333334 0.2125
9 0.21276041666666667 0.7358796296296296 0.0546875 0.09212962962962963
9 0.8744791666666667 0.6201388888888889 0.05520833333333333 0.08287037037037037
10 0.14609375 0.3261574074074074 0.07239583333333334 0.12731481481481483
10 0.63359375 0.26805555555555555 0.06510416666666667 0.1175925925925926
