2 0.7166666666666667 0.30300925925925926 0.08541666666666667 0.14212962962962963
2 0.49921875 0.5958333333333333 0.08177083333333333 0.15092592592592594
2 0.23567708333333334 0.5458333333333333 0.0796875 0.13055555555555556
12 0.5552083333333333 0.794212962962963 0.071875 0.11157407407407408
3 0.6763020833333333 0.052314814814814814 0.04114583333333333 0.07685185185185185
8 0.4903645833333333 0.36342592592592593 0.059895833333333336 0.1935185185185185
5 0.8015625 0.4648148148148148 0.042708333333333334 0.22314814814814815
11 0.18958333333333333 0.225 0.140625 0.1675925925925926
6 0.40625 0.12037037037037036 0.11041666666666666 0.2388888888888889
7 0.3572916666666667 0.7824074074074074 0.128125 0.25
0 0.37083333333333335 0.4412037037037037 0.035416666666666666 0.20925925925925926
0 0.6484375 0.5206018518518518 0.04583333333333333 0.20416666666666666
9 0.24166666666666667 0.8233796296296296 0.05520833333333333 0.08472222222222223
9 0.86875 0.4511574074074074 0.053125 0.08472222222222223
10 0.1234375 0.44675925925925924 0.071875 0.13703703703703704
10 0.5950520833333334 0.20671296296296296 0.0578125 0.12731481481481483
