0 0.44088541666666664 0.32175925925925924 0.11614583333333334 0.05740740740740741
0 0.41770833333333335 0.8342592592592593 0.12083333333333333 0.10092592592592593
1 0.79296875 0.8064814814814815 0.04739583333333333 0.07685185185185185
6 0.6299479166666667 0.3509259259259259 0.13177083333333334 0.21203703703703702
3 0.7057291666666666 0.8465277777777778 0.04375 0.07824074074074074
12 0.2513020833333333 0.663425925925926 0.0671875 0.12222222222222222
8 0.49322916666666666 0.5168981481481482 0.1125 0.11157407407407408
9 0.2296875 0.1476851851851852 0.05 0.09166666666666666
7 0.25078125 0.3224537037037037 0.13802083333333334 0.23194444444444445
7 0.7229166666666667 0.5872685185185185 0.07291666666666667 0.22916666666666666
10 0.5989583333333334 0.6969907407407407 0.065625 0.1087962962962963
2 0.37135416666666665 0.1125 0.06770833333333333 0.12407407407407407
2 0.35911458333333335 0.5504629629629629 0.0859375 0.14722222222222223
2 0.5505208333333333 0.9238425925925926 0.08541666666666667 0.14212962962962963
