2 0.56171875 0.44722222222222224 0.058854166666666666 0.12037037037037036
2 0.3533854166666667 0.7377314814814815 0.08802083333333334 0.15694444444444444
12 0.6700520833333333 0.5118055555555555 0.05364583333333333 0.11712962962962963
11 0.18489583333333334 0.5784722222222223 0.15416666666666667 0.12453703703703704
6 0.29765625 0.2136574074074074 0.14322916666666666 0.1587962962962963
10 0.4713541666666667 0.059722222222222225 0.06145833333333333 0.11574074074074074
10 0.22760416666666666 0.8113425925925926 0.07395833333333333 0.12453703703703704
7 0.53828125 0.7444444444444445 0.1390625 0.12222222222222222
9 0.46901041666666665 0.924537037037037 0.04635416666666667 0.09351851851851851
0 0.6330729166666667 0.21875 0.10364583333333334 0.12731481481481483
0 0.41015625 0.49421296296296297 0.09010416666666667 0.17083333333333334
8 0.46796875 0.2965277777777778 0.09739583333333333 0.1550925925925926
