2 0.57578125 0.3824074074074074 0.08177083333333333 0.15092592592592594
2 0.5729166666666666 0.8523148148148149 0.071875 0.11944444444444445
12 0.67109375 0.2798611111111111 0.06302083333333333 0.12175925925925926
3 0.24166666666666667 0.11203703703703703 0.041666666666666664 0.07777777777777778
6 0.29765625 0.5819444444444445 0.14635416666666667 0.2222222222222222
10 0.3411458333333333 0.24189814814814814 0.06666666666666667 0.11435185185185186
7 0.20963541666666666 0.33819444444444446 0.08489583333333334 0.24583333333333332
7 0.6921875 0.5993055555555555 0.13645833333333332 0.2273148148148148
9 0.7236979166666667 0.8064814814814815 0.049479166666666664 0.09074074074074075
1 0.15208333333333332 0.1425925925925926 0.04479166666666667 0.07592592592592592
0 0.5182291666666666 0.14027777777777778 0.11354166666666667 0.08703703703703704
0 0.4981770833333333 0.6125 0.1203125 0.06018518518518518
8 0.44479166666666664 0.4081018518518518 0.1125 0.11342592592592593
