2 0.32395833333333335 0.10277777777777777 0.08541666666666667 0.15185185185185185
2 0.5721354166666667 0.32083333333333336 0.07760416666666667 0.1398148148148148
2 0.6645833333333333 0.7611111111111111 0.08645833333333333 0.1361111111111111
12 0.6361979166666667 0.17731481481481481 0.06614583333333333 0.11944444444444445
3 0.19453125 0.2689814814814815 0.0453125 0.07962962962962963
6 0.3515625 0.6842592592592592 0.11979166666666667 0.25277777777777777
10 0.32057291666666665 0.33287037037037037 0.06510416666666667 0.11851851851851852
7 0.215625 0.5074074074074074 0.09166666666666666 0.25833333333333336
7 0.7234375 0.4511574074074074 0.10729166666666666 0.25046296296296294
9 0.7934895833333333 0.6229166666666667 0.05677083333333333 0.08287037037037037
1 0.11536458333333334 0.35439814814814813 0.0484375 0.07916666666666666
0 0.46770833333333334 0.12777777777777777 0.10416666666666667 0.14722222222222223
0 0.5484375 0.5879629629629629 0.11666666666666667 0.1175925925925926
8 0.45729166666666665 0.42060185185185184 0.109375 0.1439814814814815
