2 0.7447916666666666 0.49166666666666664 0.08958333333333333 0.14629629629629629
2 0.5296875 0.2337962962962963 0.07291666666666667 0.13425925925925927
2 0.24895833333333334 0.2951388888888889 0.07395833333333333 0.12453703703703704
5 0.2265625 0.0962962962962963 0.103125 0.18888888888888888
1 0.15364583333333334 0.7310185185185185 0.04895833333333333 0.07777777777777778
3 0.19244791666666666 0.5731481481481482 0.04635416666666667 0.07777777777777778
12 0.5354166666666667 0.0349537037037037 0.057291666666666664 0.06805555555555555
11 0.71328125 0.8342592592592593 0.1109375 0.25092592592592594
0 0.37552083333333336 0.17083333333333334 0.051041666666666666 0.20555555555555555
0 0.5989583333333334 0.47430555555555554 0.075 0.1986111111111111
6 0.47630208333333335 0.7486111111111111 0.06510416666666667 0.2537037037037037
8 0.47578125 0.4300925925925926 0.06822916666666666 0.1925925925925926
9 0.16432291666666668 0.04583333333333333 0.05364583333333333 0.08981481481481482
9 0.7994791666666666 0.2638888888888889 0.04895833333333333 0.08796296296296297
10 0.3255208333333333 0.49212962962962964 0.06979166666666667 0.10740740740740741
10 0.82109375 0.6787037037037037 0.0765625 0.10740740740740741
7 0.2981770833333333 0.7506944444444444 0.14322916666666666 0.2300925925925926
7 0.69375 0.19143518518518518 0.08541666666666667 0.25046296296296294
