2 0.33151041666666664 0.08981481481481482 0.08697916666666666 0.15185185185185185
2 0.5734375 0.3261574074074074 0.07916666666666666 0.1412037037037037
2 0.6565104166666667 0.7729166666666667 0.08489583333333334 0.13657407407407407
12 0.6453125 0.17916666666666667 0.06770833333333333 0.12129629629629629
3 0.19661458333333334 0.24583333333333332 0.04635416666666667 0.07685185185185185
6 0.34375 0.6708333333333333 0.12291666666666666 0.2574074074074074
10 0.3203125 0.32037037037037036 0.06354166666666666 0.12314814814814815
7 0.21145833333333333 0.48564814814814816 0.0875 0.2564814814814815
7 0.7216145833333333 0.4668981481481482 0.11197916666666667 0.25046296296296294
9 0.7890625 0.6486111111111111 0.05520833333333333 0.08518518518518518
1 0.11510416666666666 0.3266203703703704 0.04791666666666667 0.08101851851851852
0 0.47369791666666666 0.12337962962962963 0.10572916666666667 0.13842592592592592
0 0.5432291666666667 0.5923611111111111 0.11770833333333333 0.1087962962962963
8 0.4552083333333333 0.4162037037037037 0.109375 0.13703703703703704
