2 0.5703125 0.37546296296296294 0.07708333333333334 0.14722222222222223
2 0.45338541666666665 0.7921296296296296 0.0859375 0.15092592592592594
12 0.68125 0.3509259259259259 0.04583333333333333 0.1175925925925926
11 0.25625 0.7763888888888889 0.13645833333333332 0.21851851851851853
6 0.2716145833333333 0.3548611111111111 0.14635416666666667 0.1550925925925926
10 0.3927083333333333 0.08703703703703704 0.06145833333333333 0.11851851851851852
7 0.6236979166666666 0.6537037037037037 0.14427083333333332 0.1638888888888889
7 0.25234375 0.10462962962962963 0.1171875 0.20555555555555555
9 0.6044270833333333 0.8696759259259259 0.050520833333333334 0.08287037037037037
0 0.44427083333333334 0.5300925925925926 0.115625 0.10277777777777777
0 0.57578125 0.12384259259259259 0.11614583333333334 0.06435185185185185
8 0.44453125 0.3085648148148148 0.10885416666666667 0.11527777777777778
