2 0.6466145833333333 0.1259259259259259 0.07864583333333333 0.15092592592592594
2 0.5192708333333333 0.5474537037037037 0.078125 0.13935185185185187
2 0.2640625 0.6993055555555555 0.07708333333333334 0.1449074074074074
12 0.615625 0.6844907407407408 0.065625 0.12731481481481483
8 0.4630208333333333 0.3456018518518518 0.08125 0.18564814814814815
5 0.7596354166666667 0.2136574074074074 0.06927083333333334 0.2162037037037037
11 0.14296875 0.42939814814814814 0.15885416666666666 0.08657407407407407
6 0.31744791666666666 0.16689814814814816 0.1390625 0.21712962962962962
7 0.4359375 0.8199074074074074 0.14583333333333334 0.19444444444444445
0 0.36796875 0.4988425925925926 0.0578125 0.2023148148148148
0 0.6354166666666666 0.37453703703703706 0.08333333333333333 0.1787037037037037
9 0.8140625 0.15439814814814815 0.052083333333333336 0.08564814814814815
9 0.33645833333333336 0.9472222222222222 0.051041666666666666 0.09166666666666666
10 0.13255208333333332 0.6918981481481481 0.07864583333333333 0.11435185185185186
10 0.5151041666666667 0.12384259259259259 0.065625 0.11527777777777778
