2 0.6252604166666667 0.07453703703703704 0.07447916666666667 0.14907407407407408
2 0.53125 0.5208333333333334 0.07083333333333333 0.13518518518518519
2 0.2875 0.7266203703703704 0.08229166666666667 0.1439814814814815
12 0.6315104166666666 0.631712962962963 0.06197916666666667 0.12453703703703704
8 0.46015625 0.33055555555555555 0.08489583333333334 0.17962962962962964
5 0.740625 0.13518518518518519 0.08125 0.21296296296296297
11 0.14453125 0.49745370370370373 0.15989583333333332 0.08287037037037037
6 0.30104166666666665 0.1865740740740741 0.14270833333333333 0.19537037037037036
7 0.46640625 0.8074074074074075 0.1453125 0.1675925925925926
0 0.37473958333333335 0.5069444444444444 0.07239583333333334 0.19444444444444445
0 0.6315104166666666 0.3212962962962963 0.09114583333333333 0.16111111111111112
9 0.3763020833333333 0.9516203703703704 0.0484375 0.08842592592592592
9 0.7901041666666667 0.06875 0.052083333333333336 0.08194444444444444
10 0.15442708333333333 0.7493055555555556 0.0796875 0.11064814814814815
10 0.4940104166666667 0.09722222222222222 0.06302083333333333 0.10740740740740741
