2 0.57578125 0.40370370370370373 0.0671875 0.13240740740740742
2 0.40260416666666665 0.756712962962963 0.08854166666666667 0.1550925925925926
12 0.6875 0.4303240740740741 0.046875 0.11064814814814815
11 0.21822916666666667 0.6564814814814814 0.15 0.1638888888888889
6 0.29010416666666666 0.25810185185185186 0.13854166666666667 0.11712962962962963
10 0.2877604166666667 0.8726851851851852 0.06927083333333334 0.1287037037037037
10 0.44453125 0.055324074074074074 0.05677083333333333 0.10694444444444444
7 0.5872395833333334 0.6974537037037037 0.14010416666666667 0.11157407407407408
9 0.5380208333333333 0.9004629629629629 0.05 0.09074074074074075
0 0.4322916666666667 0.4983796296296296 0.10416666666666667 0.14027777777777778
8 0.465625 0.2886574074074074 0.103125 0.1310185185185185
