0 0.3333333333333333 0.3486111111111111 0.03333333333333333 0.2074074074074074
0 0.5830729166666667 0.5344907407407408 0.04635416666666667 0.2023148148148148
6 0.5106770833333333 0.8534722222222222 0.0984375 0.25972222222222224
3 0.21953125 0.8168981481481481 0.044270833333333336 0.0763888888888889
12 0.46145833333333336 0.16041666666666668 0.059375 0.09583333333333334
8 0.4630208333333333 0.5587962962962963 0.057291666666666664 0.19166666666666668
11 0.7328125 0.8189814814814815 0.12604166666666666 0.2064814814814815
5 0.16953125 0.3326388888888889 0.07864583333333333 0.22916666666666666
9 0.73828125 0.24328703703703702 0.04739583333333333 0.0875
9 0.10234375 0.31875 0.0546875 0.08472222222222223
7 0.6333333333333333 0.22523148148148148 0.10208333333333333 0.24675925925925926
7 0.34713541666666664 0.9206018518518518 0.14427083333333332 0.15324074074074073
10 0.33307291666666666 0.6817129629629629 0.0671875 0.11527777777777778
10 0.8119791666666667 0.6247685185185186 0.07083333333333333 0.1125
2 0.48463541666666665 0.3335648148148148 0.07760416666666667 0.14027777777777778
2 0.22708333333333333 0.5277777777777778 0.08229166666666667 0.13518518518518519
2 0.7190104166666667 0.48564814814814816 0.08177083333333333 0.13796296296296295
