2 0.5651041666666666 0.37546296296296294 0.07708333333333334 0.14722222222222223
2 0.465625 0.8064814814814815 0.08229166666666667 0.14444444444444443
12 0.67578125 0.33796296296296297 0.049479166666666664 0.1175925925925926
11 0.2669270833333333 0.812962962962963 0.13072916666666667 0.22592592592592592
6 0.26640625 0.38796296296296295 0.14947916666666666 0.1675925925925926
10 0.37552083333333336 0.10694444444444444 0.0625 0.1175925925925926
7 0.6302083333333334 0.6451388888888889 0.14375 0.1763888888888889
7 0.23541666666666666 0.12129629629629629 0.1125 0.2388888888888889
9 0.6182291666666667 0.8634259259259259 0.052083333333333336 0.08796296296296297
0 0.5614583333333333 0.11990740740740741 0.11458333333333333 0.06388888888888888
0 0.44557291666666665 0.5453703703703704 0.11614583333333334 0.09166666666666666
8 0.4361979166666667 0.32037037037037036 0.10989583333333333 0.10555555555555556
