7 0.65546875 0.2585648148148148 0.0890625 0.2449074074074074
7 0.30859375 0.8722222222222222 0.1390625 0.2064814814814815
12 0.4942708333333333 0.13657407407407407 0.05625 0.07592592592592592
0 0.35104166666666664 0.2912037037037037 0.04375 0.2037037037037037
0 0.57734375 0.5472222222222223 0.06197916666666667 0.1925925925925926
11 0.7013020833333333 0.8706018518518519 0.1140625 0.2310185185185185
5 0.1953125 0.2337962962962963 0.09166666666666666 0.20925925925925926
8 0.4578125 0.5335648148148148 0.06354166666666666 0.1884259259259259
1 0.16979166666666667 0.8759259259259259 0.04583333333333333 0.07592592592592592
2 0.7169270833333333 0.5409722222222222 0.0828125 0.1439814814814815
2 0.5 0.3247685185185185 0.07395833333333333 0.1300925925925926
2 0.23203125 0.4372685185185185 0.07760416666666667 0.12268518518518519
6 0.47708333333333336 0.8381944444444445 0.07395833333333333 0.24861111111111112
3 0.19713541666666667 0.7148148148148148 0.044270833333333336 0.0712962962962963
9 0.75859375 0.3090277777777778 0.04739583333333333 0.08657407407407407
9 0.13125 0.19953703703703704 0.052083333333333336 0.08703703703703704
10 0.3182291666666667 0.6173611111111111 0.06770833333333333 0.10972222222222222
10 0.7958333333333333 0.705324074074074 0.07083333333333333 0.10324074074074074
