12 0.2515625 0.4664351851851852 0.04583333333333333 0.11157407407407408
11 0.6651041666666667 0.10648148148148148 0.11458333333333333 0.17962962962962964
10 0.5486979166666667 0.7645833333333333 0.0609375 0.11712962962962963
8 0.49583333333333335 0.5168981481481482 0.10833333333333334 0.11157407407407408
7 0.3294270833333333 0.17708333333333334 0.1359375 0.16898148148148148
7 0.6888020833333334 0.7662037037037037 0.11302083333333333 0.2388888888888889
6 0.6609375 0.47337962962962965 0.14166666666666666 0.1412037037037037
0 0.4984375 0.3113425925925926 0.10729166666666666 0.11157407407407408
0 0.3541666666666667 0.7384259259259259 0.12291666666666666 0.06481481481481481
2 0.4901041666666667 0.07615740740740741 0.075 0.1439814814814815
2 0.37213541666666666 0.4497685185185185 0.07239583333333334 0.13935185185185187
2 0.4466145833333333 0.93125 0.06927083333333334 0.12916666666666668
