2 0.7213541666666666 0.31504629629629627 0.08854166666666667 0.1439814814814815
2 0.4979166666666667 0.594212962962963 0.08229166666666667 0.15231481481481482
2 0.23515625 0.5340277777777778 0.08385416666666666 0.1300925925925926
12 0.55 0.8004629629629629 0.07083333333333333 0.10648148148148148
3 0.68515625 0.06435185185185185 0.04114583333333333 0.075
8 0.49296875 0.36527777777777776 0.0609375 0.19722222222222222
5 0.8036458333333333 0.48125 0.04583333333333333 0.22453703703703703
11 0.19739583333333333 0.21319444444444444 0.13541666666666666 0.1699074074074074
6 0.41354166666666664 0.12129629629629629 0.109375 0.2388888888888889
7 0.3541666666666667 0.7780092592592592 0.121875 0.24861111111111112
0 0.37135416666666665 0.43796296296296294 0.034375 0.20833333333333334
0 0.6502604166666667 0.5310185185185186 0.0421875 0.2074074074074074
9 0.23671875 0.8138888888888889 0.0546875 0.08425925925925926
9 0.87265625 0.4724537037037037 0.0515625 0.0837962962962963
10 0.12734375 0.4300925925925926 0.07239583333333334 0.13518518518518519
10 0.60078125 0.2162037037037037 0.058854166666666666 0.12407407407407407
