0 0.3953125 0.36041666666666666 0.10729166666666666 0.12824074074074074
0 0.5229166666666667 0.819675925925926 0.08854166666666667 0.1865740740740741
1 0.8294270833333334 0.4615740740740741 0.04739583333333333 0.07407407407407407
6 0.5677083333333334 0.2178240740740741 0.09270833333333334 0.25972222222222224
3 0.7690104166666667 0.575 0.043229166666666666 0.07777777777777778
12 0.3299479166666667 0.8277777777777777 0.0734375 0.11574074074074074
8 0.49609375 0.49166666666666664 0.0984375 0.1537037037037037
9 0.153125 0.3923611111111111 0.057291666666666664 0.08194444444444444
7 0.22760416666666666 0.5305555555555556 0.10104166666666667 0.2574074074074074
7 0.7135416666666666 0.33425925925925926 0.11041666666666666 0.23981481481481481
10 0.63984375 0.5449074074074074 0.0640625 0.12037037037037036
2 0.27109375 0.22870370370370371 0.08489583333333334 0.14907407407407408
2 0.3932291666666667 0.6303240740740741 0.07395833333333333 0.12175925925925926
2 0.6658854166666667 0.7858796296296297 0.08072916666666667 0.14212962962962963
