2 0.7447916666666666 0.5069444444444444 0.08854166666666667 0.1527777777777778
2 0.5328125 0.2361111111111111 0.071875 0.13425925925925927
2 0.2513020833333333 0.287962962962963 0.07135416666666666 0.11944444444444445
5 0.23177083333333334 0.09212962962962963 0.10416666666666667 0.18055555555555555
1 0.15052083333333333 0.71875 0.04791666666666667 0.07916666666666666
3 0.19088541666666667 0.5627314814814814 0.04635416666666667 0.07916666666666666
12 0.5408854166666667 0.03888888888888889 0.058854166666666666 0.07592592592592592
11 0.7072916666666667 0.8465277777777778 0.10833333333333334 0.25601851851851853
0 0.5989583333333334 0.48171296296296295 0.07604166666666666 0.19768518518518519
0 0.37838541666666664 0.16944444444444445 0.05260416666666667 0.2064814814814815
6 0.47109375 0.7509259259259259 0.06197916666666667 0.2537037037037037
8 0.4752604166666667 0.4305555555555556 0.07135416666666666 0.19537037037037036
9 0.80234375 0.2798611111111111 0.049479166666666664 0.09027777777777778
10 0.325 0.4900462962962963 0.07083333333333333 0.10787037037037037
10 0.8171875 0.6960648148148149 0.078125 0.1087962962962963
7 0.6971354166666667 0.20532407407407408 0.0828125 0.2523148148148148
7 0.2942708333333333 0.743287037037037 0.14270833333333333 0.23287037037037037
