2 0.24010416666666667 0.4777777777777778 0.084375 0.14444444444444443
2 0.49140625 0.6094907407407407 0.08072916666666667 0.1412037037037037
2 0.7372395833333333 0.38449074074074074 0.08697916666666666 0.1375
12 0.5286458333333334 0.8217592592592593 0.06666666666666667 0.10185185185185185
3 0.7231770833333333 0.12638888888888888 0.04114583333333333 0.075
8 0.5065104166666666 0.37754629629629627 0.05260416666666667 0.19212962962962962
5 0.8067708333333333 0.5736111111111111 0.0625 0.22314814814814815
11 0.22630208333333332 0.1599537037037037 0.1265625 0.19953703703703704
6 0.44869791666666664 0.12129629629629629 0.09635416666666667 0.2388888888888889
7 0.3346354166666667 0.7488425925925926 0.11197916666666667 0.26157407407407407
0 0.38229166666666664 0.42106481481481484 0.04583333333333333 0.20601851851851852
0 0.6481770833333333 0.5819444444444445 0.03802083333333333 0.2101851851851852
9 0.21770833333333334 0.7548611111111111 0.053125 0.0837962962962963
9 0.8776041666666666 0.5784722222222223 0.052083333333333336 0.08472222222222223
10 0.14088541666666668 0.3509259259259259 0.0734375 0.125
10 0.6265625 0.2550925925925926 0.06354166666666666 0.11944444444444445
