2 0.5677083333333334 0.38564814814814813 0.08020833333333334 0.15092592592592594
2 0.5049479166666667 0.8449074074074074 0.07864583333333333 0.13796296296296295
12 0.67265625 0.32523148148148145 0.0546875 0.11527777777777778
6 0.2716145833333333 0.47638888888888886 0.1515625 0.19074074074074074
10 0.35703125 0.1648148148148148 0.0671875 0.11481481481481481
7 0.65390625 0.6430555555555556 0.14322916666666666 0.19814814814814816
7 0.21875 0.20833333333333334 0.10625 0.25462962962962965
9 0.6598958333333333 0.8597222222222223 0.052083333333333336 0.09074074074074075
0 0.5416666666666666 0.13217592592592592 0.11458333333333333 0.06712962962962964
0 0.4625 0.5886574074074075 0.11979166666666667 0.06620370370370371
8 0.43359375 0.3678240740740741 0.1109375 0.09953703703703703
