12 0.26328125 0.39375 0.044270833333333336 0.1125
11 0.7028645833333333 0.1525462962962963 0.1234375 0.1587962962962963
10 0.53046875 0.7736111111111111 0.0578125 0.11944444444444445
8 0.4981770833333333 0.5097222222222222 0.10572916666666667 0.12129629629629629
7 0.36666666666666664 0.13333333333333333 0.13020833333333334 0.1361111111111111
7 0.6705729166666666 0.8115740740740741 0.12447916666666667 0.23703703703703705
6 0.66796875 0.5148148148148148 0.13802083333333334 0.10740740740740741
0 0.5203125 0.3090277777777778 0.103125 0.13194444444444445
0 0.34010416666666665 0.6951388888888889 0.121875 0.08287037037037037
2 0.3841145833333333 0.4127314814814815 0.0671875 0.1300925925925926
2 0.41458333333333336 0.9157407407407407 0.0625 0.13518518518518519
2 0.5330729166666667 0.0763888888888889 0.07760416666666667 0.14722222222222223
