12 0.6645833333333333 0.5409722222222222 0.058333333333333334 0.12083333333333333
8 0.46901041666666665 0.300462962962963 0.0921875 0.16111111111111112
2 0.5557291666666667 0.46597222222222223 0.06354166666666666 0.12453703703703704
2 0.3380208333333333 0.7337962962962963 0.08645833333333333 0.14907407407407408
11 0.17786458333333333 0.5550925925925926 0.15572916666666667 0.10555555555555556
6 0.30234375 0.2023148148148148 0.1421875 0.1638888888888889
10 0.21041666666666667 0.7925925925925926 0.07395833333333333 0.12037037037037036
10 0.47942708333333334 0.06666666666666667 0.06197916666666667 0.11574074074074074
7 0.5223958333333333 0.7581018518518519 0.14166666666666666 0.14027777777777778
9 0.446875 0.9298611111111111 0.046875 0.09490740740740741
0 0.6354166666666666 0.24375 0.10208333333333333 0.14027777777777778
0 0.403125 0.49583333333333335 0.08645833333333333 0.1787037037037037
