0 0.3971354166666667 0.9023148148148148 0.1265625 0.07222222222222222
1 0.6408854166666667 0.8581018518518518 0.044270833333333336 0.08009259259259259
2 0.5283854166666667 0.7043981481481482 0.06822916666666666 0.11805555555555555
2 0.7546875 0.7199074074074074 0.084375 0.14074074074074075
2 0.2635416666666667 0.4310185185185185 0.08020833333333334 0.1574074074074074
3 0.4075520833333333 0.3402777777777778 0.043229166666666666 0.07592592592592592
4 0.31484375 0.1474537037037037 0.0859375 0.20416666666666666
5 0.6807291666666667 0.3277777777777778 0.11041666666666666 0.18518518518518517
7 0.5658854166666667 0.43472222222222223 0.1234375 0.2175925925925926
8 0.37395833333333334 0.5930555555555556 0.08125 0.18888888888888888
9 0.4630208333333333 0.17777777777777778 0.046875 0.08425925925925926
