1 0.20364583333333333 0.32916666666666666 0.04583333333333333 0.07777777777777778
2 0.18216145833333333 0.5724537037037037 0.09192708333333334 0.14027777777777778
2 0.344921875 0.26805555555555555 0.08619791666666667 0.15462962962962962
2 0.623828125 0.09722222222222222 0.07005208333333333 0.12314814814814815
3 0.5817708333333333 0.3449074074074074 0.044270833333333336 0.07407407407407407
4 0.728515625 0.33912037037037035 0.07161458333333333 0.21805555555555556
5 0.40911458333333334 0.7391203703703704 0.13229166666666667 0.08194444444444444
7 0.43515625 0.4935185185185185 0.1328125 0.11851851851851852
8 0.4942708333333333 0.13032407407407406 0.1125 0.1162037037037037
9 0.62109375 0.5252314814814815 0.049479166666666664 0.08287037037037037
10 0.17434895833333333 0.10601851851851851 0.07109375 0.12314814814814815
11 0.6569010416666666 0.687962962962963 0.13515625 0.15185185185185185
