1 0.28684895833333335 0.1111111111111111 0.038802083333333334 0.07407407407407407
2 0.18385416666666668 0.26458333333333334 0.08333333333333333 0.15231481481481482
2 0.41067708333333336 0.21435185185185185 0.07083333333333333 0.12222222222222222
2 0.6950520833333333 0.3888888888888889 0.084375 0.14629629629629629
3 0.566796875 0.5305555555555556 0.04088541666666667 0.07037037037037037
4 0.6856770833333333 0.7013888888888888 0.06770833333333333 0.2222222222222222
5 0.28932291666666665 0.6446759259259259 0.12447916666666667 0.15787037037037038
7 0.3977864583333333 0.48518518518518516 0.13359375 0.20462962962962963
8 0.571875 0.2604166666666667 0.0921875 0.15601851851851853
9 0.53125 0.7201388888888889 0.0484375 0.08009259259259259
11 0.5045572916666666 0.8805555555555555 0.14244791666666667 0.12222222222222222
