0 0.7055989583333333 0.6826388888888889 0.03567708333333333 0.22175925925925927
1 0.723828125 0.2675925925925926 0.04296875 0.0787037037037037
2 0.6727864583333333 0.062037037037037036 0.07005208333333333 0.10648148148148148
2 0.623828125 0.42314814814814816 0.07005208333333333 0.13333333333333333
2 0.4166666666666667 0.8277777777777777 0.0796875 0.14537037037037037
3 0.3966145833333333 0.5539351851851851 0.044270833333333336 0.07916666666666666
4 0.2565104166666667 0.6775462962962963 0.11354166666666667 0.1884259259259259
5 0.44947916666666665 0.08587962962962963 0.11510416666666666 0.16342592592592592
7 0.48723958333333334 0.293287037037037 0.12864583333333332 0.19768518518518519
8 0.5328125 0.6604166666666667 0.10885416666666667 0.11435185185185186
9 0.3171875 0.41759259259259257 0.04791666666666667 0.09074074074074075
10 0.81484375 0.43680555555555556 0.06875 0.11157407407407408
11 0.24752604166666667 0.3037037037037037 0.10755208333333334 0.22407407407407406
