0 0.5658854166666667 0.9053240740740741 0.10052083333333334 0.16435185185185186
1 0.753125 0.6335648148148149 0.04375 0.07083333333333333
2 0.80078125 0.4099537037037037 0.0890625 0.14583333333333334
2 0.6125 0.6159722222222223 0.08125 0.13657407407407407
2 0.3059895833333333 0.64375 0.08385416666666666 0.13657407407407407
3 0.4005208333333333 0.42962962962962964 0.041666666666666664 0.07592592592592592
4 0.25703125 0.34953703703703703 0.033854166666666664 0.22592592592592592
5 0.62265625 0.15833333333333333 0.1234375 0.09444444444444444
7 0.5635416666666667 0.35208333333333336 0.13020833333333334 0.13472222222222222
8 0.44947916666666665 0.6798611111111111 0.10729166666666666 0.13657407407407407
9 0.396875 0.23726851851851852 0.04375 0.09027777777777778
10 0.7515625 0.874537037037037 0.07395833333333333 0.11296296296296296
11 0.3890625 0.07615740740740741 0.13333333333333333 0.09027777777777778
