0 0.5638020833333334 0.9018518518518519 0.09947916666666666 0.16111111111111112
1 0.7497395833333333 0.6305555555555555 0.044270833333333336 0.08148148148148149
2 0.7997395833333333 0.4085648148148148 0.0890625 0.14305555555555555
2 0.6109375 0.6108796296296296 0.08125 0.13657407407407407
2 0.303125 0.6368055555555555 0.084375 0.13657407407407407
3 0.39817708333333335 0.4236111111111111 0.0421875 0.07407407407407407
4 0.2546875 0.3416666666666667 0.03229166666666667 0.22314814814814815
5 0.621875 0.1537037037037037 0.12395833333333334 0.09537037037037037
7 0.5619791666666667 0.34953703703703703 0.13020833333333334 0.13796296296296295
8 0.44609375 0.6738425925925926 0.10677083333333333 0.13657407407407407
9 0.39453125 0.23171296296296295 0.04635416666666667 0.0912037037037037
10 0.7494791666666667 0.8715277777777778 0.071875 0.11342592592592593
11 0.3880208333333333 0.06967592592592593 0.13645833333333332 0.08842592592592592
