0 0.55625 0.024537037037037038 0.11875 0.04722222222222222
2 0.20611979166666666 0.1224537037037037 0.07317708333333334 0.14212962962962963
2 0.430078125 0.17037037037037037 0.06796875 0.12129629629629629
2 0.6786458333333333 0.4708333333333333 0.0828125 0.1398148148148148
3 0.536328125 0.5502314814814815 0.04453125 0.08009259259259259
4 0.624609375 0.7694444444444445 0.08880208333333334 0.2101851851851852
5 0.24921875 0.5291666666666667 0.1078125 0.19907407407407407
7 0.37721354166666665 0.4236111111111111 0.11848958333333333 0.22685185185185186
8 0.5774739583333334 0.29305555555555557 0.07213541666666666 0.17777777777777778
9 0.47213541666666664 0.7166666666666667 0.0484375 0.08055555555555556
11 0.417578125 0.8592592592592593 0.13776041666666666 0.17685185185185184
