0 0.5842447916666667 0.046296296296296294 0.11588541666666667 0.05925925925925926
2 0.22682291666666668 0.06620370370370371 0.0671875 0.13240740740740742
2 0.44388020833333336 0.16087962962962962 0.07265625 0.13657407407407407
2 0.6669270833333333 0.5266203703703703 0.08072916666666667 0.13935185185185187
3 0.5196614583333333 0.5694444444444444 0.040364583333333336 0.07314814814814814
4 0.5890625 0.812962962962963 0.10364583333333334 0.1962962962962963
5 0.23541666666666666 0.4759259259259259 0.09322916666666667 0.2111111111111111
7 0.3703125 0.4076388888888889 0.1140625 0.24861111111111112
8 0.5795572916666667 0.3277777777777778 0.07109375 0.1935185185185185
9 0.440625 0.7175925925925926 0.05 0.08703703703703704
11 0.3751302083333333 0.8483796296296297 0.13046875 0.1986111111111111
