0 0.6899739583333333 0.31342592592592594 0.09036458333333333 0.17037037037037037
2 0.536328125 0.2388888888888889 0.07994791666666666 0.14629629629629629
2 0.5678385416666667 0.7768518518518519 0.07734375 0.14629629629629629
3 0.440234375 0.624537037037037 0.04192708333333333 0.07592592592592592
4 0.3985677083333333 0.89375 0.13203125 0.08194444444444444
5 0.2694010416666667 0.23148148148148148 0.05026041666666667 0.22407407407407406
7 0.38919270833333336 0.3277777777777778 0.07109375 0.2388888888888889
8 0.5774739583333334 0.5192129629629629 0.07213541666666666 0.1912037037037037
9 0.32526041666666666 0.6416666666666667 0.04895833333333333 0.09074074074074075
11 0.223046875 0.6673611111111111 0.05755208333333333 0.26064814814814813
