0 0.49166666666666664 0.9321759259259259 0.11041666666666666 0.12083333333333333
1 0.7104166666666667 0.7435185185185185 0.042708333333333334 0.075
2 0.5744791666666667 0.6675925925925926 0.07708333333333334 0.13055555555555556
2 0.7864583333333334 0.5412037037037037 0.08854166666666667 0.15092592592592594
2 0.26953125 0.5770833333333333 0.0859375 0.1449074074074074
3 0.3893229166666667 0.40185185185185185 0.04114583333333333 0.07407407407407407
4 0.259375 0.26666666666666666 0.05520833333333333 0.2212962962962963
5 0.6432291666666666 0.2178240740740741 0.121875 0.1337962962962963
7 0.5583333333333333 0.3886574074074074 0.13333333333333333 0.1726851851851852
8 0.40703125 0.6706018518518518 0.1015625 0.15138888888888888
9 0.4088541666666667 0.21319444444444444 0.04375 0.0912037037037037
11 0.42265625 0.06273148148148149 0.13489583333333333 0.08194444444444444
