0 0.6934895833333333 0.3020833333333333 0.09114583333333333 0.16620370370370371
2 0.534375 0.2375 0.08072916666666667 0.14907407407407408
2 0.5756510416666667 0.7733796296296296 0.07682291666666667 0.14305555555555555
3 0.4459635416666667 0.6282407407407408 0.04348958333333333 0.07592592592592592
4 0.409375 0.9016203703703703 0.1296875 0.08194444444444444
5 0.26796875 0.24282407407407408 0.04739583333333333 0.22268518518518518
7 0.3912760416666667 0.3351851851851852 0.06796875 0.23425925925925925
8 0.582421875 0.5175925925925926 0.07005208333333333 0.1925925925925926
9 0.3299479166666667 0.6525462962962963 0.049479166666666664 0.08472222222222223
11 0.22708333333333333 0.6840277777777778 0.059375 0.2569444444444444
