0 0.63984375 0.11805555555555555 0.11197916666666667 0.09351851851851851
2 0.48489583333333336 0.17222222222222222 0.0796875 0.14351851851851852
2 0.6528645833333333 0.617824074074074 0.06979166666666667 0.12638888888888888
3 0.5024739583333333 0.5949074074074074 0.04244791666666667 0.07407407407407407
4 0.5388020833333333 0.8636574074074074 0.1171875 0.1699074074074074
5 0.24440104166666668 0.38796296296296295 0.07005208333333333 0.22685185185185186
7 0.38111979166666665 0.3747685185185185 0.08932291666666667 0.24768518518518517
8 0.5944010416666666 0.3909722222222222 0.05963541666666667 0.19953703703703704
9 0.4063802083333333 0.7064814814814815 0.05078125 0.08796296296296297
11 0.3234375 0.8085648148148148 0.10989583333333333 0.23287037037037037
