0 0.71484375 0.430787037037037 0.08177083333333333 0.1865740740740741
2 0.5424479166666667 0.8425925925925926 0.08177083333333333 0.14907407407407408
2 0.5721354166666667 0.30162037037037037 0.0765625 0.14675925925925926
3 0.433984375 0.6486111111111111 0.04244791666666667 0.075
1 0.5990885416666667 0.07847222222222222 0.03984375 0.07824074074074074
4 0.3640625 0.8972222222222223 0.13072916666666667 0.07685185185185185
5 0.312109375 0.2048611111111111 0.07213541666666666 0.22175925925925927
7 0.419921875 0.33958333333333335 0.08828125 0.23657407407407408
8 0.58671875 0.5928240740740741 0.0796875 0.18472222222222223
9 0.31940104166666666 0.6247685185185186 0.053385416666666664 0.08472222222222223
10 0.7244791666666667 0.11898148148148148 0.06458333333333334 0.1175925925925926
11 0.22552083333333334 0.612037037037037 0.0484375 0.2601851851851852
