0 0.719921875 0.5976851851851852 0.04348958333333333 0.21388888888888888
1 0.6763020833333333 0.1900462962962963 0.04375 0.07175925925925926
2 0.60546875 0.38055555555555554 0.065625 0.12777777777777777
2 0.46731770833333336 0.8706018518518519 0.08880208333333334 0.15416666666666667
3 0.40768229166666664 0.6129629629629629 0.04453125 0.0787037037037037
4 0.29140625 0.8060185185185185 0.1296875 0.14907407407407408
5 0.3875 0.13032407407407406 0.1 0.19583333333333333
7 0.455859375 0.32222222222222224 0.11848958333333333 0.22037037037037038
8 0.5584635416666667 0.6569444444444444 0.10390625 0.14722222222222223
9 0.30859375 0.5192129629629629 0.04895833333333333 0.09305555555555556
10 0.7908854166666667 0.30486111111111114 0.0703125 0.1125
11 0.22395833333333334 0.44814814814814813 0.08385416666666666 0.24074074074074073
