0 0.36666666666666664 0.8680555555555556 0.12604166666666666 0.075
1 0.61171875 0.8775462962962963 0.043229166666666666 0.08009259259259259
2 0.5088541666666667 0.6993055555555555 0.06979166666666667 0.11805555555555555
2 0.7322916666666667 0.7652777777777777 0.075 0.13240740740740742
2 0.2677083333333333 0.37569444444444444 0.07916666666666666 0.1449074074074074
3 0.4158854166666667 0.31550925925925927 0.0421875 0.0763888888888889
4 0.33828125 0.10486111111111111 0.09635416666666667 0.1912037037037037
5 0.6875 0.3625 0.10104166666666667 0.1962962962962963
7 0.56640625 0.4409722222222222 0.11614583333333334 0.2263888888888889
8 0.36666666666666664 0.5574074074074075 0.071875 0.1962962962962963
9 0.48385416666666664 0.1699074074074074 0.04895833333333333 0.09351851851851851
