0 0.5125 0.9254629629629629 0.11145833333333334 0.13703703703703704
1 0.7205729166666667 0.7074074074074074 0.044270833333333336 0.075
2 0.7895833333333333 0.4981481481481482 0.08958333333333333 0.14907407407407408
2 0.5838541666666667 0.649537037037037 0.07708333333333334 0.13333333333333333
2 0.27578125 0.5967592592592592 0.0859375 0.14074074074074075
3 0.3885416666666667 0.4060185185185185 0.041666666666666664 0.07592592592592592
4 0.25390625 0.2898148148148148 0.04635416666666667 0.22037037037037038
5 0.634375 0.19722222222222222 0.12395833333333334 0.12314814814814815
7 0.5572916666666666 0.37569444444444444 0.13125 0.15694444444444444
8 0.4158854166666667 0.6731481481481482 0.1046875 0.15
9 0.40182291666666664 0.2152777777777778 0.0453125 0.09166666666666666
10 0.6994791666666667 0.9414351851851852 0.06979166666666667 0.11527777777777778
11 0.4083333333333333 0.06412037037037037 0.13541666666666666 0.08101851851851852
