0 0.34609375 0.84375 0.12239583333333333 0.06805555555555555
1 0.5885416666666666 0.8893518518518518 0.042708333333333334 0.08333333333333333
2 0.49661458333333336 0.6976851851851852 0.0734375 0.13148148148148148
2 0.7151041666666667 0.799074074074074 0.07291666666666667 0.12407407407407407
2 0.2734375 0.33402777777777776 0.078125 0.14583333333333334
3 0.4244791666666667 0.30115740740740743 0.03958333333333333 0.0763888888888889
4 0.35859375 0.08587962962962963 0.10260416666666666 0.16157407407407406
5 0.69140625 0.3905092592592593 0.09427083333333333 0.21157407407407408
7 0.5666666666666667 0.4511574074074074 0.10729166666666666 0.23194444444444445
8 0.35963541666666665 0.5277777777777778 0.0671875 0.1962962962962963
9 0.4981770833333333 0.16643518518518519 0.04635416666666667 0.08657407407407407
