0 0.698828125 0.6997685185185185 0.03515625 0.2152777777777778
1 0.7303385416666667 0.2935185185185185 0.04192708333333333 0.07592592592592592
2 0.6859375 0.07337962962962963 0.0703125 0.11157407407407408
2 0.626171875 0.43148148148148147 0.07057291666666667 0.13240740740740742
2 0.408203125 0.8168981481481481 0.07786458333333333 0.13287037037037036
3 0.395703125 0.5402777777777777 0.04088541666666667 0.07407407407407407
4 0.2532552083333333 0.6546296296296297 0.10390625 0.19537037037037036
5 0.46197916666666666 0.08009259259259259 0.11354166666666667 0.15
7 0.49322916666666666 0.2912037037037037 0.13072916666666667 0.18518518518518517
8 0.5272135416666667 0.6622685185185185 0.11015625 0.1087962962962963
9 0.31979166666666664 0.3997685185185185 0.0484375 0.09305555555555556
10 0.816796875 0.4648148148148148 0.06848958333333334 0.11666666666666667
11 0.2552083333333333 0.28194444444444444 0.1140625 0.2101851851851852
