0 0.3126302083333333 0.22453703703703703 0.04088541666666667 0.2101851851851852
1 0.2545572916666667 0.6310185185185185 0.04296875 0.075
2 0.371484375 0.487962962962963 0.07317708333333334 0.13518518518518519
2 0.287890625 0.8689814814814815 0.07213541666666666 0.11944444444444445
2 0.5928385416666667 0.14305555555555555 0.07265625 0.13425925925925927
3 0.602734375 0.4041666666666667 0.04088541666666667 0.07222222222222222
4 0.7407552083333333 0.30648148148148147 0.10286458333333333 0.1925925925925926
5 0.5259114583333333 0.8805555555555555 0.11953125 0.1537037037037037
7 0.50234375 0.6398148148148148 0.13177083333333334 0.1814814814814815
8 0.47877604166666665 0.2601851851851852 0.10703125 0.12129629629629629
9 0.6763020833333333 0.5539351851851851 0.04791666666666667 0.08287037037037037
10 0.17916666666666667 0.4446759259259259 0.06666666666666667 0.11712962962962963
11 0.7401041666666667 0.6756944444444445 0.11197916666666667 0.21064814814814814
