0 0.6231770833333333 0.875462962962963 0.07760416666666667 0.1935185185185185
1 0.7602864583333333 0.5291666666666667 0.04244791666666667 0.06944444444444445
2 0.7760416666666666 0.29560185185185184 0.0796875 0.1375
2 0.6268229166666667 0.5761574074074074 0.08020833333333334 0.1412037037037037
2 0.333984375 0.7435185185185185 0.07682291666666667 0.11851851851851852
3 0.39361979166666666 0.4898148148148148 0.04244791666666667 0.07314814814814814
4 0.24244791666666668 0.47685185185185186 0.06197916666666667 0.22314814814814815
5 0.5696614583333334 0.12939814814814815 0.12213541666666666 0.07083333333333333
7 0.5416666666666666 0.3425925925925926 0.1265625 0.10277777777777777
8 0.47630208333333335 0.705324074074074 0.11197916666666667 0.11342592592592593
9 0.3625 0.30092592592592593 0.04791666666666667 0.09074074074074075
10 0.795703125 0.7599537037037037 0.07161458333333333 0.1125
11 0.33372395833333335 0.14907407407407408 0.13151041666666666 0.13425925925925927
