0 0.62890625 0.8717592592592592 0.075 0.1935185185185185
1 0.761328125 0.5199074074074074 0.04453125 0.07407407407407407
2 0.7739583333333333 0.28564814814814815 0.08072916666666667 0.13333333333333333
2 0.628125 0.569212962962963 0.0796875 0.1412037037037037
2 0.3375 0.7506944444444444 0.07552083333333333 0.11712962962962963
3 0.393359375 0.49212962962962964 0.04088541666666667 0.07592592592592592
4 0.24114583333333334 0.48703703703703705 0.06041666666666667 0.2222222222222222
5 0.56484375 0.12731481481481483 0.12239583333333333 0.07314814814814814
7 0.5403645833333334 0.3416666666666667 0.12708333333333333 0.10648148148148148
8 0.47877604166666665 0.70625 0.11015625 0.11342592592592593
9 0.35989583333333336 0.30416666666666664 0.04791666666666667 0.08888888888888889
10 0.799609375 0.7472222222222222 0.07161458333333333 0.11666666666666667
11 0.3296875 0.15555555555555556 0.13072916666666667 0.13703703703703704
