1 0.208203125 0.3194444444444444 0.04296875 0.07407407407407407
2 0.17903645833333334 0.55625 0.09088541666666666 0.13935185185185187
2 0.34817708333333336 0.2675925925925926 0.08072916666666667 0.15185185185185185
2 0.6311197916666667 0.11643518518518518 0.07265625 0.12638888888888888
3 0.5834635416666667 0.3574074074074074 0.04088541666666667 0.075
4 0.7298177083333334 0.3648148148148148 0.06901041666666667 0.22037037037037038
5 0.40338541666666666 0.7423611111111111 0.1328125 0.07268518518518519
7 0.4356770833333333 0.4983796296296296 0.13177083333333334 0.11064814814814815
8 0.5 0.1400462962962963 0.10989583333333333 0.1125
9 0.6192708333333333 0.5414351851851852 0.04791666666666667 0.08564814814814815
10 0.18111979166666667 0.09861111111111111 0.07161458333333333 0.11666666666666667
11 0.6522135416666667 0.7092592592592593 0.13567708333333334 0.1388888888888889
