0 0.6950520833333333 0.32569444444444445 0.08541666666666667 0.17175925925925925
2 0.5645833333333333 0.780787037037037 0.0765625 0.14212962962962963
2 0.537109375 0.24375 0.07734375 0.13842592592592592
3 0.4373697916666667 0.6268518518518519 0.040364583333333336 0.0712962962962963
4 0.3932291666666667 0.8953703703703704 0.1328125 0.07685185185185185
5 0.27239583333333334 0.22870370370370371 0.0515625 0.22407407407407406
7 0.39205729166666664 0.3300925925925926 0.07161458333333333 0.23981481481481481
8 0.5787760416666666 0.5252314814814815 0.07473958333333333 0.18935185185185185
9 0.32395833333333335 0.6391203703703704 0.0515625 0.08564814814814815
11 0.21927083333333333 0.6592592592592592 0.051041666666666666 0.25277777777777777
