0 0.6912760416666667 0.7222222222222222 0.04140625 0.21203703703703702
1 0.737109375 0.31574074074074077 0.04453125 0.07314814814814814
2 0.7020833333333333 0.09328703703703704 0.0671875 0.11990740740740741
2 0.628515625 0.4425925925925926 0.07213541666666666 0.13333333333333333
2 0.39596354166666664 0.8002314814814815 0.07265625 0.12731481481481483
3 0.3938802083333333 0.5261574074074075 0.04192708333333333 0.07546296296296297
4 0.24765625 0.6203703703703703 0.09895833333333333 0.19814814814814816
5 0.4783854166666667 0.075 0.1140625 0.13425925925925927
7 0.49947916666666664 0.2881944444444444 0.12708333333333333 0.1736111111111111
8 0.5209635416666667 0.663425925925926 0.11067708333333333 0.10833333333333334
9 0.32473958333333336 0.37453703703703706 0.05 0.08796296296296297
10 0.8178385416666667 0.49699074074074073 0.06953125 0.11157407407407408
11 0.26484375 0.24722222222222223 0.1171875 0.19814814814814816
