0 0.6485677083333333 0.8474537037037037 0.06901041666666667 0.20046296296296295
1 0.761328125 0.4756944444444444 0.045572916666666664 0.06712962962962964
2 0.761328125 0.24074074074074073 0.07786458333333333 0.1361111111111111
2 0.6315104166666666 0.5474537037037037 0.08020833333333334 0.14305555555555555
2 0.3509114583333333 0.7719907407407407 0.07005208333333333 0.11064814814814815
3 0.39361979166666666 0.5074074074074074 0.04140625 0.0712962962962963
4 0.23997395833333332 0.5252314814814815 0.07109375 0.2152777777777778
5 0.5470052083333333 0.11666666666666667 0.12005208333333334 0.08888888888888889
7 0.5333333333333333 0.33310185185185187 0.12708333333333333 0.12546296296296297
8 0.490625 0.705324074074074 0.11041666666666666 0.10601851851851851
9 0.3509114583333333 0.32685185185185184 0.04609375 0.08703703703703704
10 0.808984375 0.6958333333333333 0.07005208333333333 0.11666666666666667
11 0.31276041666666665 0.18078703703703702 0.13020833333333334 0.15416666666666667
