1 0.348828125 0.7597222222222222 0.04765625 0.08148148148148149
2 0.5115885416666667 0.8706018518518519 0.08567708333333333 0.1726851851851852
2 0.63203125 0.5731481481481482 0.07760416666666667 0.12314814814814815
3 0.7553385416666667 0.7594907407407407 0.04869791666666667 0.08101851851851852
3 0.13411458333333334 0.2625 0.049479166666666664 0.08055555555555556
5 0.27591145833333336 0.2726851851851852 0.13984375 0.13333333333333333
6 0.4588541666666667 0.6282407407407408 0.14114583333333333 0.11851851851851852
7 0.5567708333333333 0.2796296296296296 0.14947916666666666 0.2222222222222222
9 0.6291666666666667 0.8349537037037037 0.05 0.09953703703703703
10 0.38723958333333336 0.09976851851851852 0.07447916666666667 0.1375
11 0.27786458333333336 0.5048611111111111 0.1546875 0.1486111111111111
12 0.39205729166666664 0.44722222222222224 0.06744791666666666 0.08611111111111111
