9 0.5592447916666666 0.7550925925925925 0.045572916666666664 0.09814814814814815
9 0.6028645833333334 0.4361111111111111 0.05364583333333333 0.08796296296296297
11 0.20677083333333332 0.4675925925925926 0.15989583333333332 0.10277777777777777
12 0.284765625 0.3002314814814815 0.07682291666666667 0.11342592592592593
1 0.337890625 0.6180555555555556 0.04609375 0.08055555555555556
2 0.5096354166666667 0.5706018518518519 0.06822916666666666 0.13842592592592592
2 0.7127604166666667 0.6958333333333333 0.0859375 0.15555555555555556
2 0.5307291666666667 0.19930555555555557 0.08802083333333334 0.16712962962962963
3 0.6934895833333333 0.25462962962962965 0.04739583333333333 0.08425925925925926
4 0.8427083333333333 0.5231481481481481 0.0796875 0.25
5 0.14075520833333333 0.25 0.11276041666666667 0.22037037037037038
6 0.3927083333333333 0.39699074074074076 0.153125 0.1986111111111111
8 0.769140625 0.3962962962962963 0.13098958333333333 0.13703703703703704
