12 0.35963541666666665 0.5425925925925926 0.042708333333333334 0.11851851851851852
1 0.18307291666666667 0.48194444444444445 0.049479166666666664 0.07685185185185185
2 0.13880208333333333 0.7782407407407408 0.09635416666666667 0.15462962962962962
3 0.43971354166666665 0.06875 0.045572916666666664 0.08935185185185185
5 0.4446614583333333 0.3263888888888889 0.08203125 0.2361111111111111
6 0.2649739583333333 0.6773148148148148 0.07317708333333334 0.2564814814814815
7 0.4578125 0.8166666666666667 0.1109375 0.2759259259259259
9 0.0296875 0.7763888888888889 0.057291666666666664 0.09537037037037037
10 0.54609375 0.5113425925925926 0.065625 0.12268518518518519
11 0.31731770833333334 0.3453703703703704 0.06901041666666667 0.26851851851851855
