9 0.455078125 0.8604166666666667 0.04453125 0.08842592592592592
9 0.2911458333333333 0.8268518518518518 0.04895833333333333 0.08055555555555556
10 0.634765625 0.16782407407407407 0.06536458333333334 0.11435185185185186
11 0.39791666666666664 0.2375 0.06770833333333333 0.25092592592592594
12 0.49192708333333335 0.35694444444444445 0.0609375 0.12037037037037036
1 0.3358072916666667 0.46111111111111114 0.04244791666666667 0.07037037037037037
2 0.3787760416666667 0.7319444444444444 0.06744791666666666 0.11203703703703703
2 0.564453125 0.73125 0.07890625 0.1486111111111111
5 0.5028645833333333 0.10740740740740741 0.11666666666666667 0.17407407407407408
6 0.45260416666666664 0.5432870370370371 0.11145833333333334 0.23472222222222222
7 0.6453125 0.4912037037037037 0.059895833333333336 0.23148148148148148
