11 0.25638020833333336 0.45023148148148145 0.15911458333333334 0.0837962962962963
12 0.349609375 0.3178240740740741 0.07421875 0.10046296296296296
1 0.371484375 0.64375 0.047135416666666666 0.08472222222222223
2 0.546484375 0.6458333333333334 0.07682291666666667 0.15092592592592594
2 0.7358072916666667 0.8293981481481482 0.08046875 0.15324074074074073
2 0.6020833333333333 0.28726851851851853 0.0890625 0.15231481481481482
3 0.7567708333333333 0.38981481481481484 0.05 0.08148148148148149
3 0.07669270833333333 0.3055555555555556 0.04973958333333333 0.08055555555555556
4 0.879296875 0.6972222222222222 0.09765625 0.24444444444444444
5 0.20807291666666666 0.22592592592592592 0.12239583333333333 0.19814814814814816
6 0.4479166666666667 0.44583333333333336 0.15 0.16574074074074074
8 0.8180989583333333 0.5504629629629629 0.12682291666666667 0.15555555555555556
9 0.5779947916666667 0.844212962962963 0.04973958333333333 0.09861111111111111
9 0.65078125 0.5421296296296296 0.0546875 0.08703703703703704
