6 0.31875 0.4615740740740741 0.14010416666666667 0.25
7 0.22291666666666668 0.10833333333333334 0.1640625 0.1935185185185185
8 0.6670572916666667 0.20856481481481481 0.12734375 0.11342592592592593
9 0.520703125 0.35555555555555557 0.046614583333333334 0.09351851851851851
9 0.5498697916666667 0.6798611111111111 0.05078125 0.09305555555555556
10 0.05325520833333333 0.2377314814814815 0.07838541666666667 0.12824074074074074
11 0.16458333333333333 0.6476851851851851 0.14427083333333332 0.1824074074074074
12 0.20065104166666667 0.44305555555555554 0.07421875 0.12962962962962962
1 0.31861979166666665 0.7016203703703704 0.04765625 0.08194444444444444
2 0.463671875 0.5432870370370371 0.07786458333333333 0.1449074074074074
2 0.678125 0.5201388888888889 0.09479166666666666 0.16342592592592592
2 0.40260416666666665 0.1849537037037037 0.0890625 0.16712962962962963
3 0.565234375 0.12662037037037038 0.04609375 0.08564814814814815
4 0.7622395833333333 0.26805555555555555 0.04635416666666667 0.25462962962962965
5 0.06419270833333333 0.49699074074074073 0.07161458333333333 0.2375
