2 0.33151041666666664 0.6641203703703704 0.0796875 0.13194444444444445
2 0.5037760416666667 0.7759259259259259 0.06901041666666667 0.13703703703703704
2 0.23020833333333332 0.9337962962962963 0.07291666666666667 0.11666666666666667
5 0.569921875 0.1625 0.09036458333333333 0.21203703703703702
6 0.43893229166666664 0.5344907407407408 0.07630208333333334 0.23287037037037037
7 0.6265625 0.6053240740740741 0.08854166666666667 0.2412037037037037
9 0.23033854166666667 0.6960648148148149 0.04973958333333333 0.08564814814814815
9 0.37669270833333335 0.8296296296296296 0.04505208333333333 0.08425925925925926
10 0.6782552083333333 0.30162037037037037 0.06380208333333333 0.11527777777777778
11 0.4571614583333333 0.22013888888888888 0.04505208333333333 0.2513888888888889
12 0.51171875 0.38564814814814813 0.0453125 0.10740740740740741
1 0.34544270833333335 0.38287037037037036 0.04192708333333333 0.07037037037037037
