6 0.3170572916666667 0.3148148148148148 0.14661458333333333 0.13703703703703704
8 0.6446614583333333 0.4724537037037037 0.10651041666666666 0.1486111111111111
9 0.41953125 0.7016203703703704 0.04479166666666667 0.08472222222222223
9 0.5006510416666666 0.44074074074074077 0.046614583333333334 0.08055555555555556
11 0.140234375 0.27847222222222223 0.15078125 0.08935185185185185
12 0.23216145833333332 0.1761574074074074 0.06953125 0.08564814814814815
1 0.239453125 0.4861111111111111 0.04401041666666667 0.07222222222222222
2 0.3990885416666667 0.517824074074074 0.07578125 0.14305555555555555
2 0.5600260416666667 0.7111111111111111 0.05963541666666667 0.12777777777777777
2 0.46796875 0.1960648148148148 0.078125 0.14027777777777778
3 0.6037760416666667 0.32013888888888886 0.04192708333333333 0.07268518518518519
4 0.6958333333333333 0.6171296296296296 0.09375 0.2111111111111111
