9 0.230078125 0.17546296296296296 0.05390625 0.09444444444444444
9 0.20104166666666667 0.49722222222222223 0.05572916666666667 0.08518518518518518
10 0.6114583333333333 0.8807870370370371 0.06875 0.12824074074074074
11 0.5861979166666667 0.43333333333333335 0.14947916666666666 0.10833333333333334
12 0.5100260416666667 0.6046296296296296 0.06953125 0.10925925925925926
1 0.45703125 0.29421296296296295 0.04375 0.07916666666666666
2 0.28424479166666666 0.35810185185185184 0.07109375 0.12824074074074074
2 0.2766927083333333 0.7175925925925926 0.09348958333333333 0.15833333333333333
2 0.083984375 0.2537037037037037 0.09505208333333333 0.15092592592592594
3 0.7826822916666667 0.5152777777777777 0.04869791666666667 0.07777777777777778
3 0.12643229166666667 0.6722222222222223 0.046614583333333334 0.07777777777777778
5 0.656640625 0.6409722222222223 0.10442708333333334 0.2162037037037037
6 0.3985677083333333 0.5222222222222223 0.14713541666666666 0.2
7 0.41966145833333335 0.8870370370370371 0.14140625 0.12037037037037036
