12 0.179296875 0.7118055555555556 0.06276041666666667 0.12916666666666668
1 0.33619791666666665 0.8828703703703704 0.04583333333333333 0.08611111111111111
2 0.440625 0.6474537037037037 0.08645833333333333 0.1597222222222222
2 0.6373697916666666 0.4988425925925926 0.09036458333333333 0.15787037037037038
2 0.31692708333333336 0.3506944444444444 0.08072916666666667 0.14305555555555555
3 0.4569010416666667 0.1997685185185185 0.04453125 0.0837962962962963
4 0.66875 0.21180555555555555 0.08541666666666667 0.24861111111111112
5 0.06510416666666667 0.8421296296296297 0.049479166666666664 0.23981481481481481
6 0.2911458333333333 0.6585648148148148 0.109375 0.26805555555555555
7 0.137109375 0.3902777777777778 0.15546875 0.23425925925925925
8 0.5618489583333334 0.2222222222222222 0.12213541666666666 0.14814814814814814
9 0.45924479166666665 0.4388888888888889 0.05078125 0.08981481481481482
9 0.5501302083333334 0.7252314814814815 0.05078125 0.09212962962962963
