7 0.6111979166666667 0.4233796296296296 0.0828125 0.2439814814814815
6 0.4264322916666667 0.5465277777777777 0.12578125 0.22361111111111112
5 0.42421875 0.10023148148148148 0.12604166666666666 0.13194444444444445
3 0.575 0.9391203703703703 0.040625 0.0763888888888889
2 0.378125 0.7611111111111111 0.07395833333333333 0.12777777777777777
2 0.559375 0.6914351851851852 0.07916666666666666 0.14675925925925926
1 0.3040364583333333 0.5083333333333333 0.04348958333333333 0.0712962962962963
12 0.4434895833333333 0.34814814814814815 0.06614583333333333 0.11851851851851852
11 0.338671875 0.26435185185185184 0.09244791666666667 0.24259259259259258
10 0.5614583333333333 0.10972222222222222 0.06458333333333334 0.11203703703703703
9 0.302734375 0.8842592592592593 0.04765625 0.08796296296296297
9 0.46796875 0.8597222222222223 0.04583333333333333 0.08703703703703704
