9 0.16080729166666666 0.2775462962962963 0.05755208333333333 0.08842592592592592
9 0.182421875 0.6018518518518519 0.053385416666666664 0.09259259259259259
10 0.6375 0.7699074074074074 0.06354166666666666 0.13333333333333333
11 0.5447916666666667 0.350462962962963 0.14322916666666666 0.1712962962962963
12 0.49583333333333335 0.5520833333333334 0.06979166666666667 0.12175925925925926
1 0.39609375 0.2789351851851852 0.04583333333333333 0.07824074074074074
2 0.28958333333333336 0.775 0.09166666666666666 0.16296296296296298
2 0.240234375 0.425462962962963 0.08307291666666666 0.13703703703703704
3 0.74609375 0.3296296296296296 0.0484375 0.07962962962962963
3 0.13932291666666666 0.8055555555555556 0.046875 0.07777777777777778
5 0.64296875 0.5166666666666667 0.07552083333333333 0.2361111111111111
6 0.37408854166666666 0.5282407407407408 0.13880208333333333 0.23981481481481481
7 0.451953125 0.8706018518518519 0.14609375 0.1736111111111111
