7 0.502734375 0.24814814814814815 0.11901041666666666 0.24259259259259258
6 0.36171875 0.49699074074074073 0.140625 0.1699074074074074
5 0.26002604166666665 0.0863425925925926 0.13307291666666668 0.06157407407407407
3 0.5942708333333333 0.7615740740740741 0.04010416666666667 0.06759259259259259
2 0.3692708333333333 0.7337962962962963 0.08333333333333333 0.14351851851851852
2 0.520703125 0.5388888888888889 0.07317708333333334 0.1259259259259259
1 0.24388020833333332 0.5534722222222223 0.04453125 0.07175925925925926
12 0.3341145833333333 0.30277777777777776 0.06927083333333334 0.10555555555555556
11 0.22005208333333334 0.29398148148148145 0.13020833333333334 0.20092592592592592
9 0.3299479166666667 0.8983796296296296 0.046875 0.09027777777777778
9 0.47565104166666666 0.7604166666666666 0.045572916666666664 0.08657407407407407
