7 0.6256510416666666 0.44722222222222224 0.07317708333333334 0.24351851851851852
6 0.4373697916666667 0.5453703703703704 0.12057291666666667 0.22870370370370371
5 0.45403645833333334 0.10347222222222222 0.12317708333333334 0.14953703703703702
3 0.568359375 0.9541666666666667 0.03828125 0.07407407407407407
2 0.3796875 0.7525462962962963 0.071875 0.12083333333333333
2 0.5634114583333333 0.7064814814814815 0.08046875 0.14907407407407408
1 0.31614583333333335 0.49189814814814814 0.043229166666666666 0.07175925925925926
12 0.462890625 0.3511574074074074 0.06380208333333333 0.11990740740740741
11 0.36106770833333335 0.25300925925925927 0.08359375 0.24768518518518517
10 0.5899739583333333 0.12986111111111112 0.06640625 0.11712962962962963
9 0.299609375 0.8638888888888889 0.04869791666666667 0.08703703703703704
9 0.4647135416666667 0.861574074074074 0.045572916666666664 0.08796296296296297
