7 0.4256510416666667 0.8870370370370371 0.14244791666666667 0.1287037037037037
6 0.39114583333333336 0.5252314814814815 0.14739583333333334 0.21064814814814814
5 0.6544270833333333 0.6159722222222223 0.0984375 0.22268518518518518
3 0.7755208333333333 0.4761574074074074 0.04791666666666667 0.08009259259259259
3 0.1265625 0.705787037037037 0.046875 0.07916666666666666
2 0.27786458333333336 0.7354166666666667 0.09322916666666667 0.1597222222222222
2 0.06901041666666667 0.2935185185185185 0.0984375 0.15185185185185185
2 0.27317708333333335 0.37546296296296294 0.07239583333333334 0.12314814814814815
1 0.441796875 0.2914351851851852 0.04401041666666667 0.07824074074074074
11 0.576953125 0.41712962962962963 0.14869791666666668 0.12314814814814815
12 0.5063802083333333 0.5960648148148148 0.07057291666666667 0.1125
10 0.6180989583333333 0.8613425925925926 0.06692708333333333 0.12916666666666668
9 0.21171875 0.2 0.0546875 0.09537037037037037
9 0.19453125 0.5243055555555556 0.05572916666666667 0.08657407407407407
