6 0.12955729166666666 0.40532407407407406 0.12838541666666667 0.2375
8 0.430859375 0.12685185185185185 0.11432291666666666 0.11296296296296296
9 0.355859375 0.5789351851851852 0.05026041666666667 0.07824074074074074
9 0.3123697916666667 0.2814814814814815 0.04921875 0.08518518518518518
1 0.144921875 0.6314814814814815 0.04453125 0.0712962962962963
2 0.46171875 0.41458333333333336 0.08125 0.14583333333333334
2 0.26875 0.46319444444444446 0.08229166666666667 0.13564814814814816
2 0.192578125 0.1363425925925926 0.08671875 0.15231481481481482
3 0.34088541666666666 0.06273148148148149 0.041666666666666664 0.07824074074074074
4 0.52578125 0.17083333333333334 0.04739583333333333 0.2388888888888889
