12 0.47799479166666664 0.49699074074074073 0.06276041666666667 0.12638888888888888
1 0.33880208333333334 0.2863425925925926 0.04479166666666667 0.07546296296296297
2 0.31861979166666665 0.8152777777777778 0.08255208333333333 0.15555555555555556
3 0.6817708333333333 0.15462962962962962 0.04739583333333333 0.08333333333333333
3 0.18059895833333334 0.9210648148148148 0.046614583333333334 0.07824074074074074
5 0.6118489583333333 0.3851851851851852 0.04088541666666667 0.23981481481481481
6 0.357421875 0.5335648148148148 0.11432291666666666 0.2587962962962963
7 0.48776041666666664 0.8229166666666666 0.1421875 0.22361111111111112
8 0.07044270833333334 0.8858796296296296 0.12630208333333334 0.11805555555555555
9 0.18828125 0.7030092592592593 0.05572916666666667 0.0912037037037037
9 0.11614583333333334 0.40671296296296294 0.058854166666666666 0.07916666666666666
10 0.6484375 0.6335648148148149 0.06979166666666667 0.12453703703703704
11 0.494140625 0.28078703703703706 0.12526041666666668 0.22453703703703703
2 0.21380208333333334 0.507175925925926 0.09322916666666667 0.15324074074074073
