2 0.13229166666666667 0.7493055555555556 0.09739583333333333 0.15694444444444444
3 0.4635416666666667 0.08356481481481481 0.04375 0.0837962962962963
5 0.4569010416666667 0.34097222222222223 0.07213541666666666 0.2375
6 0.26419270833333336 0.6662037037037037 0.07109375 0.25277777777777777
7 0.44921875 0.8291666666666667 0.1171875 0.2712962962962963
9 0.1578125 0.9421296296296297 0.05520833333333333 0.09074074074074075
10 0.5498697916666667 0.5372685185185185 0.06744791666666666 0.11898148148148148
11 0.3294270833333333 0.3416666666666667 0.07916666666666666 0.2638888888888889
12 0.36276041666666664 0.5462962962962963 0.04479166666666667 0.11574074074074074
1 0.18932291666666667 0.45902777777777776 0.0484375 0.0763888888888889
