12 0.21497395833333333 0.1375 0.07109375 0.09444444444444444
11 0.13020833333333334 0.2638888888888889 0.15052083333333333 0.07592592592592592
9 0.43359375 0.6303240740740741 0.04635416666666667 0.08657407407407407
9 0.49921875 0.35208333333333336 0.046875 0.07916666666666666
8 0.6473958333333333 0.3537037037037037 0.1109375 0.14166666666666666
6 0.30768229166666666 0.25555555555555554 0.14609375 0.15648148148148147
4 0.70625 0.49375 0.08645833333333333 0.22361111111111112
3 0.5958333333333333 0.2111111111111111 0.043229166666666666 0.07592592592592592
2 0.57578125 0.6136574074074074 0.065625 0.13194444444444445
2 0.403125 0.44814814814814813 0.07135416666666666 0.13703703703703704
2 0.451171875 0.10833333333333334 0.08151041666666667 0.14814814814814814
1 0.24153645833333334 0.44930555555555557 0.045572916666666664 0.07175925925925926
