11 0.31158854166666666 0.3486111111111111 0.06276041666666667 0.26944444444444443
12 0.36015625 0.5402777777777777 0.0453125 0.12037037037037036
1 0.18177083333333333 0.4983796296296296 0.0484375 0.0763888888888889
2 0.14778645833333334 0.7976851851851852 0.09453125 0.1537037037037037
3 0.42486979166666666 0.05856481481481481 0.04453125 0.08657407407407407
5 0.4381510416666667 0.3145833333333333 0.08776041666666666 0.23287037037037037
6 0.27005208333333336 0.6854166666666667 0.07916666666666666 0.25787037037037036
7 0.46640625 0.8025462962962963 0.10520833333333333 0.2763888888888889
9 0.038671875 0.8076388888888889 0.05911458333333333 0.09583333333333334
10 0.5453125 0.49074074074074076 0.065625 0.12407407407407407
