11 0.07994791666666666 0.2412037037037037 0.15208333333333332 0.1
12 0.14817708333333332 0.07615740740740741 0.07552083333333333 0.10972222222222222
1 0.20846354166666667 0.37939814814814815 0.04609375 0.07083333333333333
2 0.5545572916666667 0.42824074074074076 0.07421875 0.14074074074074075
2 0.366796875 0.3224537037037037 0.06640625 0.12175925925925926
4 0.671484375 0.25949074074074074 0.06484375 0.23194444444444445
6 0.2513020833333333 0.15833333333333333 0.14739583333333334 0.19907407407407407
8 0.5989583333333334 0.14351851851851852 0.11666666666666667 0.12685185185185185
9 0.41692708333333334 0.4951388888888889 0.04375 0.0875
9 0.45 0.1935185185185185 0.049479166666666664 0.08796296296296297
