1 0.20260416666666667 0.9472222222222222 0.044270833333333336 0.07777777777777778
2 0.237890625 0.6789351851851851 0.08984375 0.1439814814814815
2 0.37213541666666666 0.4233796296296296 0.0734375 0.1162037037037037
2 0.07083333333333333 0.5037037037037037 0.08333333333333333 0.12777777777777777
3 0.158984375 0.2814814814814815 0.047135416666666666 0.07592592592592592
4 0.3360677083333333 0.15902777777777777 0.11744791666666667 0.19490740740740742
6 0.11080729166666667 0.7819444444444444 0.07838541666666667 0.24444444444444444
8 0.23880208333333333 0.23425925925925925 0.0921875 0.17777777777777778
9 0.20963541666666666 0.4849537037037037 0.05364583333333333 0.08287037037037037
9 0.34739583333333335 0.6752314814814815 0.0484375 0.08935185185185185
12 0.030989583333333334 0.8986111111111111 0.044270833333333336 0.11666666666666667
