11 0.238671875 0.2962962962962963 0.12473958333333333 0.20833333333333334
12 0.35208333333333336 0.31527777777777777 0.06822916666666666 0.10555555555555556
1 0.2545572916666667 0.5548611111111111 0.04348958333333333 0.07175925925925926
2 0.3729166666666667 0.7462962962962963 0.0828125 0.1425925925925926
2 0.5296875 0.5694444444444444 0.07395833333333333 0.12962962962962962
3 0.5950520833333334 0.7928240740740741 0.04114583333333333 0.07546296296296297
5 0.28515625 0.09421296296296296 0.13020833333333334 0.060648148148148145
6 0.373828125 0.512962962962963 0.13932291666666666 0.17962962962962964
7 0.5225260416666667 0.28032407407407406 0.11380208333333333 0.2439814814814815
9 0.32786458333333335 0.9076388888888889 0.04635416666666667 0.0912037037037037
9 0.4778645833333333 0.7849537037037037 0.0453125 0.08564814814814815
