10 0.5421875 0.46064814814814814 0.06458333333333334 0.12407407407407407
11 0.3028645833333333 0.3574074074074074 0.051041666666666666 0.2675925925925926
12 0.36015625 0.5393518518518519 0.05 0.11944444444444445
1 0.18151041666666667 0.524537037037037 0.04895833333333333 0.07685185185185185
2 0.16158854166666667 0.8268518518518518 0.09244791666666667 0.15092592592592594
3 0.401171875 0.047453703703703706 0.04505208333333333 0.08564814814814815
5 0.42604166666666665 0.3023148148148148 0.096875 0.225
6 0.27734375 0.6969907407407407 0.0890625 0.26157407407407407
7 0.4796875 0.7842592592592592 0.0953125 0.275
9 0.054036458333333336 0.8534722222222222 0.05859375 0.09398148148148149
