12 0.17591145833333333 0.6393518518518518 0.06848958333333334 0.13055555555555556
1 0.325390625 0.8361111111111111 0.047135416666666666 0.08611111111111111
2 0.441796875 0.6171296296296296 0.08619791666666667 0.15833333333333333
2 0.6466145833333333 0.5018518518518519 0.09479166666666666 0.15925925925925927
2 0.33307291666666666 0.29930555555555555 0.08489583333333334 0.15324074074074073
3 0.48125 0.17083333333333334 0.0453125 0.08518518518518518
4 0.6924479166666667 0.22083333333333333 0.0765625 0.2564814814814815
5 0.05390625 0.7497685185185186 0.041666666666666664 0.23842592592592593
6 0.2908854166666667 0.6037037037037037 0.11979166666666667 0.26944444444444443
7 0.15013020833333332 0.3060185185185185 0.16015625 0.225
8 0.5873697916666667 0.2099537037037037 0.12630208333333334 0.13842592592592592
9 0.4705729166666667 0.41064814814814815 0.051041666666666666 0.09259259259259259
9 0.5455729166666666 0.7134259259259259 0.051041666666666666 0.09074074074074075
11 0.168359375 0.8479166666666667 0.12421875 0.22083333333333333
