9 0.478515625 0.7928240740740741 0.045572916666666664 0.09490740740740741
9 0.32669270833333336 0.9113425925925925 0.047135416666666666 0.09212962962962963
7 0.531640625 0.2953703703703704 0.11171875 0.2462962962962963
6 0.37890625 0.5194444444444445 0.1390625 0.1824074074074074
5 0.2975260416666667 0.09652777777777778 0.13098958333333333 0.06805555555555555
3 0.594921875 0.812037037037037 0.04088541666666667 0.07407407407407407
2 0.5342447916666667 0.5835648148148148 0.07526041666666666 0.13194444444444445
2 0.37395833333333334 0.7527777777777778 0.08177083333333333 0.14444444444444443
1 0.2578125 0.555324074074074 0.042708333333333334 0.07083333333333333
12 0.36015625 0.3210648148148148 0.06822916666666666 0.1087962962962963
11 0.24700520833333334 0.2965277777777778 0.12317708333333334 0.21157407407407408
