9 0.19817708333333334 0.3486111111111111 0.05625 0.09166666666666666
10 0.6610677083333333 0.6081018518518518 0.07057291666666667 0.1337962962962963
11 0.5897135416666667 0.14699074074074073 0.15703125 0.16898148148148148
12 0.5259114583333333 0.35347222222222224 0.07421875 0.12731481481481483
1 0.437109375 0.04652777777777778 0.045572916666666664 0.08564814814814815
2 0.30026041666666664 0.5504629629629629 0.096875 0.16296296296296298
2 0.267578125 0.1724537037037037 0.08151041666666667 0.14212962962962963
2 0.054947916666666666 0.13564814814814816 0.10416666666666667 0.1685185185185185
3 0.80390625 0.16365740740740742 0.050520833333333334 0.08657407407407407
3 0.14114583333333333 0.5571759259259259 0.0484375 0.08101851851851852
5 0.6838541666666667 0.33912037037037035 0.0953125 0.24861111111111112
6 0.401171875 0.29791666666666666 0.14921875 0.2412037037037037
7 0.46184895833333334 0.6738425925925926 0.15286458333333333 0.15231481481481482
