8 0.6419270833333334 0.5081018518518519 0.10416666666666667 0.15138888888888888
9 0.4140625 0.7219907407407408 0.04739583333333333 0.08657407407407407
9 0.49908854166666666 0.4671296296296296 0.046614583333333334 0.08055555555555556
11 0.14205729166666667 0.2835648148148148 0.15078125 0.09675925925925925
12 0.23645833333333333 0.18796296296296297 0.06875 0.08148148148148149
1 0.237890625 0.4979166666666667 0.04401041666666667 0.07175925925925926
2 0.3963541666666667 0.5386574074074074 0.075 0.14305555555555555
2 0.5536458333333333 0.7391203703703704 0.05677083333333333 0.12916666666666668
2 0.4708333333333333 0.22268518518518518 0.07760416666666667 0.13425925925925927
3 0.6044270833333333 0.35439814814814813 0.0421875 0.07083333333333333
4 0.6899739583333333 0.655787037037037 0.09609375 0.20787037037037037
6 0.31953125 0.3300925925925926 0.1453125 0.12685185185185185
