2 0.31861979166666665 0.8416666666666667 0.07890625 0.1527777777777778
2 0.200390625 0.5513888888888889 0.09557291666666666 0.15555555555555556
3 0.64921875 0.12800925925925927 0.04583333333333333 0.08287037037037037
5 0.5903645833333333 0.368287037037037 0.0296875 0.23842592592592593
6 0.34283854166666666 0.5541666666666667 0.10859375 0.2611111111111111
7 0.48802083333333335 0.8243055555555555 0.13958333333333334 0.23657407407407408
1 0.31328125 0.31203703703703706 0.04583333333333333 0.07685185185185185
9 0.09895833333333333 0.46550925925925923 0.058854166666666666 0.0837962962962963
9 0.18424479166666666 0.7493055555555556 0.05546875 0.0912037037037037
10 0.6395833333333333 0.6118055555555556 0.071875 0.12083333333333333
11 0.4686197916666667 0.2835648148148148 0.11796875 0.2375
12 0.462109375 0.500462962962963 0.06171875 0.12685185185185185
