4 0.3821614583333333 0.11898148148148148 0.10963541666666667 0.20462962962962963
6 0.12486979166666666 0.7018518518518518 0.07473958333333333 0.23981481481481481
8 0.28151041666666665 0.17777777777777778 0.09895833333333333 0.17222222222222222
9 0.23723958333333334 0.42314814814814816 0.05416666666666667 0.08055555555555556
9 0.365234375 0.6351851851851852 0.046614583333333334 0.08888888888888889
12 0.037369791666666666 0.8034722222222223 0.05026041666666667 0.11157407407407408
1 0.20559895833333333 0.881712962962963 0.045572916666666664 0.07546296296296297
2 0.40325520833333334 0.38935185185185184 0.07734375 0.12314814814814815
2 0.25611979166666665 0.618287037037037 0.09192708333333334 0.1486111111111111
2 0.09752604166666666 0.41574074074074074 0.07734375 0.1175925925925926
3 0.19713541666666667 0.20949074074074073 0.04635416666666667 0.07546296296296297
