9 0.478125 0.8229166666666666 0.04635416666666667 0.08564814814814815
9 0.32252604166666665 0.919675925925926 0.04505208333333333 0.08842592592592592
11 0.2671875 0.29791666666666666 0.1171875 0.21898148148148147
12 0.3796875 0.33541666666666664 0.06822916666666666 0.11342592592592593
1 0.26796875 0.5555555555555556 0.04375 0.07037037037037037
2 0.37643229166666664 0.768287037037037 0.08098958333333334 0.14212962962962963
2 0.5423177083333334 0.6173611111111111 0.07734375 0.13657407407407407
3 0.59453125 0.8493055555555555 0.04010416666666667 0.08009259259259259
5 0.32513020833333334 0.10347222222222222 0.12994791666666666 0.0837962962962963
6 0.391015625 0.5351851851851852 0.13567708333333334 0.19074074074074074
7 0.5514322916666666 0.3300925925925926 0.10703125 0.2462962962962963
