2 0.36080729166666664 0.2465277777777778 0.08567708333333333 0.15694444444444444
2 0.6627604166666666 0.5023148148148148 0.0953125 0.16574074074074074
2 0.45260416666666664 0.5835648148148148 0.08333333333333333 0.15416666666666667
3 0.51640625 0.14629629629629629 0.04635416666666667 0.08703703703703704
4 0.7239583333333334 0.22939814814814816 0.0640625 0.25787037037037036
5 0.056901041666666666 0.6493055555555556 0.054427083333333334 0.2412037037037037
6 0.30247395833333335 0.5444444444444444 0.12890625 0.26296296296296295
7 0.17799479166666668 0.22314814814814815 0.16223958333333333 0.21481481481481482
8 0.6216145833333333 0.20046296296296295 0.12708333333333333 0.12962962962962962
9 0.49192708333333335 0.38333333333333336 0.05 0.09537037037037037
9 0.55 0.6967592592592593 0.05260416666666667 0.08703703703703704
11 0.16588541666666667 0.7680555555555556 0.13229166666666667 0.2074074074074074
12 0.185546875 0.5597222222222222 0.06953125 0.1287037037037037
1 0.32330729166666666 0.7819444444444444 0.04869791666666667 0.08425925925925926
