9 0.28736979166666665 0.7594907407407407 0.05026041666666667 0.08101851851851852
9 0.443359375 0.8456018518518519 0.04192708333333333 0.0875
10 0.6899739583333333 0.22847222222222222 0.06380208333333333 0.11805555555555555
11 0.45260416666666664 0.22083333333333333 0.043229166666666666 0.25
12 0.5322916666666667 0.36550925925925926 0.05260416666666667 0.1162037037037037
1 0.36822916666666666 0.41712962962962963 0.040625 0.07037037037037037
2 0.5639322916666667 0.7541666666666667 0.07578125 0.14444444444444443
2 0.3828125 0.6967592592592593 0.071875 0.12222222222222222
5 0.5688802083333333 0.12638888888888888 0.10442708333333334 0.19444444444444445
6 0.47486979166666665 0.5368055555555555 0.09296875 0.2375
7 0.6688802083333333 0.5460648148148148 0.07317708333333334 0.2375
