11 0.61875 0.15625 0.11927083333333334 0.2726851851851852
12 0.6240885416666667 0.3872685185185185 0.06484375 0.13194444444444445
1 0.453515625 0.22615740740740742 0.04505208333333333 0.08287037037037037
2 0.49388020833333335 0.7793981481481481 0.07213541666666666 0.15231481481481482
2 0.35299479166666664 0.4979166666666667 0.09401041666666667 0.16435185185185186
2 0.16614583333333333 0.6787037037037037 0.09739583333333333 0.15462962962962962
3 0.362890625 0.9423611111111111 0.045572916666666664 0.0875
5 0.7540364583333333 0.21481481481481482 0.05078125 0.2657407407407407
6 0.504296875 0.4685185185185185 0.09453125 0.2740740740740741
7 0.678125 0.7256944444444444 0.1484375 0.2625
9 0.34791666666666665 0.7108796296296296 0.05625 0.09027777777777778
9 0.24075520833333333 0.43310185185185185 0.05651041666666667 0.09305555555555556
10 0.8227864583333333 0.46574074074074073 0.08307291666666666 0.11944444444444445
