12 0.22395833333333334 0.15787037037037038 0.0703125 0.09166666666666666
11 0.13528645833333333 0.2689814814814815 0.15078125 0.07777777777777778
9 0.42721354166666664 0.6673611111111111 0.045572916666666664 0.08564814814814815
9 0.5002604166666667 0.3993055555555556 0.04739583333333333 0.08009259259259259
8 0.6466145833333333 0.41435185185185186 0.1078125 0.14074074074074075
6 0.312890625 0.28587962962962965 0.14713541666666666 0.14675925925925926
4 0.701171875 0.555787037037037 0.08932291666666667 0.2152777777777778
3 0.6001302083333333 0.26666666666666666 0.04140625 0.07407407407407407
2 0.40208333333333335 0.48310185185185184 0.075 0.13935185185185187
2 0.5686197916666667 0.6641203703703704 0.06276041666666667 0.13194444444444445
2 0.45989583333333334 0.15601851851851853 0.07864583333333333 0.14351851851851852
1 0.241015625 0.46921296296296294 0.045572916666666664 0.07175925925925926
