9 0.333984375 0.6136574074074074 0.05234375 0.08657407407407407
9 0.17604166666666668 0.4787037037037037 0.052083333333333336 0.08518518518518518
8 0.17317708333333334 0.21041666666666667 0.08125 0.19953703703703704
6 0.11536458333333334 0.8083333333333333 0.1015625 0.25555555555555554
4 0.25950520833333335 0.10601851851851851 0.13046875 0.15925925925925927
3 0.10260416666666666 0.2969907407407407 0.04583333333333333 0.07453703703703704
2 0.326953125 0.35347222222222224 0.07838541666666667 0.11712962962962963
2 0.226953125 0.6569444444444444 0.08567708333333333 0.13796296296296295
2 0.04544270833333333 0.549074074074074 0.08984375 0.14074074074074075
1 0.22643229166666667 0.9409722222222222 0.04401041666666667 0.07731481481481481
