1 0.18385416666666668 0.4773148148148148 0.04791666666666667 0.07314814814814814
2 0.13684895833333333 0.7712962962962963 0.09557291666666666 0.15555555555555556
3 0.44635416666666666 0.07268518518518519 0.044270833333333336 0.08518518518518518
5 0.447265625 0.3296296296296296 0.07682291666666667 0.23703703703703705
6 0.26419270833333336 0.6754629629629629 0.07109375 0.25277777777777777
7 0.4549479166666667 0.8212962962962963 0.11354166666666667 0.2712962962962963
9 0.028385416666666666 0.7668981481481482 0.05677083333333333 0.09398148148148149
10 0.546484375 0.51875 0.06640625 0.12083333333333333
11 0.31927083333333334 0.34467592592592594 0.071875 0.2652777777777778
12 0.3600260416666667 0.5449074074074074 0.04088541666666667 0.11296296296296296
