9 0.469140625 0.856712962962963 0.047135416666666666 0.08564814814814815
9 0.305859375 0.8930555555555556 0.047135416666666666 0.08796296296296297
10 0.546484375 0.1011574074074074 0.06588541666666667 0.1125
11 0.32734375 0.26967592592592593 0.096875 0.24027777777777778
12 0.4342447916666667 0.3486111111111111 0.06640625 0.12129629629629629
1 0.298046875 0.518287037037037 0.04348958333333333 0.07361111111111111
2 0.37838541666666664 0.7662037037037037 0.075 0.12777777777777777
2 0.558203125 0.6828703703703703 0.07890625 0.14444444444444443
3 0.57890625 0.9296296296296296 0.0390625 0.07314814814814814
5 0.40963541666666664 0.1011574074074074 0.1265625 0.12638888888888888
6 0.42161458333333335 0.5483796296296296 0.12760416666666666 0.2199074074074074
7 0.602734375 0.41226851851851853 0.08671875 0.2439814814814815
