1 0.24361979166666667 0.3923611111111111 0.04505208333333333 0.07175925925925926
2 0.40625 0.36875 0.0703125 0.13194444444444445
2 0.5856770833333333 0.5113425925925926 0.0703125 0.1310185185185185
3 0.588671875 0.1 0.04192708333333333 0.07962962962962963
4 0.7123697916666667 0.36689814814814814 0.07786458333333333 0.22916666666666666
6 0.3014322916666667 0.18333333333333332 0.14765625 0.17592592592592593
8 0.6484375 0.2363425925925926 0.1140625 0.13564814814814816
9 0.444921875 0.5476851851851852 0.04453125 0.08611111111111111
9 0.4973958333333333 0.2564814814814815 0.0484375 0.08055555555555556
11 0.124609375 0.22847222222222222 0.15182291666666667 0.07824074074074074
12 0.20403645833333334 0.07916666666666666 0.07213541666666666 0.10277777777777777
