9 0.5783854166666667 0.8601851851851852 0.05 0.09907407407407408
9 0.6563802083333333 0.562037037037037 0.054947916666666666 0.08888888888888889
8 0.8239583333333333 0.5787037037037037 0.125 0.1574074074074074
6 0.4546875 0.45555555555555555 0.15104166666666666 0.15925925925925927
5 0.21875 0.22060185185185185 0.125 0.19490740740740742
4 0.8829427083333333 0.7303240740740741 0.10130208333333333 0.24027777777777778
3 0.7649739583333334 0.4164351851851852 0.04973958333333333 0.08194444444444444
3 0.08515625 0.293287037037037 0.05 0.07916666666666666
2 0.5501302083333334 0.6615740740740741 0.07682291666666667 0.15462962962962962
2 0.7364583333333333 0.8539351851851852 0.0796875 0.14953703703703702
2 0.6123697916666667 0.3034722222222222 0.08723958333333333 0.14953703703703702
1 0.3751302083333333 0.6488425925925926 0.046614583333333334 0.08194444444444444
12 0.358984375 0.3212962962962963 0.07265625 0.09814814814814815
11 0.26315104166666664 0.444212962962963 0.15859375 0.0837962962962963
