1 0.48385416666666664 0.2983796296296296 0.043229166666666666 0.07731481481481481
2 0.3092447916666667 0.3284722222222222 0.07473958333333333 0.13657407407407407
2 0.2799479166666667 0.6837962962962963 0.09270833333333334 0.15462962962962962
2 0.11705729166666666 0.1865740740740741 0.08984375 0.14722222222222223
3 0.792578125 0.5821759259259259 0.04765625 0.07916666666666666
3 0.13268229166666667 0.6092592592592593 0.04765625 0.07777777777777778
5 0.6606770833333333 0.6814814814814815 0.1125 0.20462962962962963
6 0.41171875 0.5136574074074074 0.146875 0.17824074074074073
7 0.41106770833333334 0.8793981481481481 0.14505208333333333 0.1439814814814815
8 0.060546875 0.4724537037037037 0.12109375 0.13564814814814816
9 0.217578125 0.45046296296296295 0.055989583333333336 0.08148148148148149
9 0.26653645833333334 0.1375 0.05182291666666667 0.0962962962962963
10 0.60078125 0.9099537037037037 0.06875 0.12453703703703704
11 0.6033854166666667 0.46273148148148147 0.14895833333333333 0.08194444444444444
12 0.51796875 0.6162037037037037 0.06822916666666666 0.1
