9 0.37447916666666664 0.5747685185185185 0.04895833333333333 0.07916666666666666
9 0.30169270833333334 0.29189814814814813 0.05130208333333333 0.0837962962962963
12 0.030208333333333334 0.506712962962963 0.06041666666666667 0.11712962962962963
1 0.17200520833333333 0.6909722222222222 0.04296875 0.07268518518518519
2 0.46197916666666666 0.37569444444444444 0.0828125 0.14305555555555555
2 0.27682291666666664 0.48564814814814816 0.0875 0.14444444444444443
2 0.170703125 0.1884259259259259 0.08151041666666667 0.1425925925925926
3 0.308984375 0.06851851851851852 0.04453125 0.07962962962962963
4 0.5013020833333334 0.11805555555555555 0.0703125 0.2361111111111111
6 0.135546875 0.47430555555555554 0.11328125 0.24027777777777778
8 0.40208333333333335 0.10138888888888889 0.1140625 0.12685185185185185
