3 0.024739583333333332 0.09351851851851851 0.049479166666666664 0.07962962962962963
3 0.59453125 0.5756944444444444 0.041666666666666664 0.07546296296296297
4 0.6388020833333333 0.8939814814814815 0.109375 0.18425925925925926
5 0.15638020833333333 0.10972222222222222 0.13359375 0.12685185185185185
6 0.32526041666666666 0.44351851851851853 0.1375 0.11018518518518519
7 0.41354166666666664 0.12569444444444444 0.1390625 0.2162037037037037
8 0.6088541666666667 0.7444444444444445 0.0875 0.17685185185185184
9 0.36575520833333336 0.8525462962962963 0.047135416666666666 0.08194444444444444
9 0.48098958333333336 0.6402777777777777 0.043229166666666666 0.08703703703703704
11 0.15716145833333334 0.32731481481481484 0.14401041666666667 0.14444444444444443
12 0.26263020833333334 0.2740740740740741 0.06588541666666667 0.08055555555555556
1 0.22434895833333332 0.5664351851851852 0.046614583333333334 0.07268518518518519
2 0.37447916666666664 0.6710648148148148 0.08229166666666667 0.1486111111111111
2 0.48463541666666665 0.40208333333333335 0.065625 0.1050925925925926
2 0.4981770833333333 0.9212962962962963 0.065625 0.14722222222222223
