1 0.32643229166666665 0.8585648148148148 0.048177083333333336 0.0837962962962963
2 0.43802083333333336 0.6333333333333333 0.0875 0.15833333333333333
2 0.640234375 0.5039351851851852 0.09244791666666667 0.15787037037037038
2 0.32278645833333336 0.3229166666666667 0.08359375 0.1486111111111111
3 0.468359375 0.1849537037037037 0.045572916666666664 0.08287037037037037
4 0.6807291666666667 0.2199074074074074 0.07916666666666666 0.2537037037037037
5 0.05390625 0.7888888888888889 0.042708333333333334 0.2388888888888889
6 0.2872395833333333 0.6300925925925925 0.115625 0.2675925925925926
7 0.14205729166666667 0.34120370370370373 0.15807291666666667 0.22685185185185186
8 0.5747395833333333 0.2175925925925926 0.125 0.14074074074074075
9 0.46315104166666665 0.42476851851851855 0.05182291666666667 0.09027777777777778
9 0.543359375 0.7222222222222222 0.05234375 0.09259259259259259
11 0.16979166666666667 0.88125 0.12135416666666667 0.22546296296296298
12 0.17291666666666666 0.6710648148148148 0.06666666666666667 0.1310185185185185
