1 0.219921875 0.9555555555555556 0.04296875 0.0787037037037037
2 0.3477864583333333 0.39143518518518516 0.07421875 0.11157407407407408
2 0.233984375 0.6777777777777778 0.08671875 0.1425925925925926
2 0.05611979166666667 0.544212962962963 0.08880208333333334 0.13564814814814816
3 0.12591145833333334 0.30324074074074076 0.047135416666666666 0.07407407407407407
4 0.29127604166666665 0.1375 0.12578125 0.17222222222222222
6 0.11640625 0.812037037037037 0.09479166666666666 0.25277777777777777
8 0.19973958333333333 0.23125 0.08333333333333333 0.19398148148148148
9 0.34231770833333336 0.65 0.05026041666666667 0.08703703703703704
9 0.19088541666666667 0.49375 0.053125 0.0875
