7 0.6575520833333334 0.5407407407407407 0.0671875 0.2351851851851852
6 0.4630208333333333 0.5479166666666667 0.09947916666666666 0.23842592592592593
5 0.5438802083333333 0.12893518518518518 0.10911458333333333 0.18472222222222223
2 0.376171875 0.71875 0.07057291666666667 0.11805555555555555
2 0.5596354166666667 0.7569444444444444 0.07604166666666666 0.14722222222222223
1 0.35325520833333335 0.4388888888888889 0.04192708333333333 0.06944444444444445
12 0.515625 0.3712962962962963 0.05677083333333333 0.11666666666666667
11 0.43111979166666664 0.23425925925925925 0.05182291666666667 0.2518518518518518
10 0.6694010416666667 0.21736111111111112 0.06484375 0.11805555555555555
9 0.28229166666666666 0.7902777777777777 0.049479166666666664 0.08055555555555556
9 0.44166666666666665 0.8611111111111112 0.0421875 0.08981481481481482
