10 0.541015625 0.8270833333333333 0.06953125 0.12453703703703704
9 0.17395833333333333 0.2636574074074074 0.058854166666666666 0.0875
7 0.34518229166666664 0.7548611111111111 0.15911458333333334 0.17083333333333334
6 0.37135416666666665 0.36944444444444446 0.1578125 0.1685185185185185
5 0.6200520833333333 0.6020833333333333 0.12552083333333333 0.19212962962962962
3 0.765625 0.5277777777777778 0.049479166666666664 0.0824074074074074
3 0.076171875 0.4127314814814815 0.05026041666666667 0.07916666666666666
2 0.223046875 0.5226851851851851 0.09661458333333334 0.14537037037037037
2 0.27630208333333334 0.15439814814814815 0.0875 0.15787037037037038
1 0.4610677083333333 0.16273148148148148 0.04609375 0.08472222222222223
12 0.473828125 0.5032407407407408 0.07265625 0.09722222222222222
11 0.5743489583333333 0.3736111111111111 0.15598958333333332 0.08703703703703704
