11 0.57578125 0.34675925925925927 0.15677083333333333 0.08611111111111111
10 0.5524739583333333 0.8097222222222222 0.07213541666666666 0.12222222222222222
9 0.173828125 0.26851851851851855 0.05911458333333333 0.08796296296296297
7 0.3541666666666667 0.7481481481481481 0.15729166666666666 0.16203703703703703
6 0.372265625 0.36157407407407405 0.15755208333333334 0.1787037037037037
5 0.6265625 0.5773148148148148 0.12447916666666667 0.19907407407407407
3 0.770703125 0.49421296296296297 0.04973958333333333 0.08194444444444444
3 0.07877604166666667 0.4252314814814815 0.04973958333333333 0.07916666666666666
2 0.22786458333333334 0.524537037037037 0.09895833333333333 0.15
2 0.2733072916666667 0.15092592592592594 0.08567708333333333 0.15555555555555556
1 0.45859375 0.14884259259259258 0.04583333333333333 0.08657407407407407
12 0.47955729166666666 0.48912037037037037 0.07161458333333333 0.09953703703703703
