11 0.5751302083333333 0.30092592592592593 0.15703125 0.09444444444444444
12 0.48541666666666666 0.4650462962962963 0.07395833333333333 0.11064814814814815
1 0.44947916666666665 0.12777777777777777 0.04739583333333333 0.08796296296296297
2 0.23736979166666666 0.5368055555555555 0.09869791666666666 0.15324074074074073
2 0.26588541666666665 0.15949074074074074 0.08125 0.1486111111111111
3 0.7772135416666667 0.42592592592592593 0.05078125 0.0824074074074074
3 0.08424479166666667 0.46041666666666664 0.04869791666666667 0.08101851851851852
5 0.6368489583333333 0.531712962962963 0.11692708333333333 0.21342592592592594
6 0.37356770833333336 0.35300925925925924 0.15703125 0.19305555555555556
7 0.3731770833333333 0.7402777777777778 0.15364583333333334 0.14444444444444443
9 0.17265625 0.29074074074074074 0.058854166666666666 0.08703703703703704
10 0.573046875 0.7733796296296296 0.07109375 0.12638888888888888
