9 0.35455729166666666 0.8664351851851851 0.048177083333333336 0.08657407407407407
9 0.47890625 0.6712962962962963 0.041666666666666664 0.08703703703703704
11 0.168359375 0.3138888888888889 0.14244791666666667 0.15833333333333333
12 0.277734375 0.2775462962962963 0.06744791666666666 0.0875
1 0.22578125 0.5618055555555556 0.04479166666666667 0.07268518518518519
2 0.3712239583333333 0.6872685185185186 0.08359375 0.1486111111111111
2 0.49296875 0.4351851851851852 0.06458333333333334 0.10462962962962963
3 0.5950520833333334 0.6224537037037037 0.04114583333333333 0.07361111111111111
3 0.046223958333333336 0.06226851851851852 0.048177083333333336 0.07916666666666666
5 0.178515625 0.09745370370370371 0.13463541666666667 0.11157407407407408
6 0.3319010416666667 0.4548611111111111 0.13984375 0.12546296296296297
7 0.43411458333333336 0.15046296296296297 0.13489583333333333 0.22592592592592592
8 0.6015625 0.7944444444444444 0.08125 0.1824074074074074
