9 0.29583333333333334 0.28703703703703703 0.05260416666666667 0.08148148148148149
9 0.391015625 0.5476851851851852 0.04869791666666667 0.0824074074074074
8 0.37734375 0.07222222222222222 0.11041666666666666 0.14166666666666666
6 0.14713541666666666 0.5099537037037037 0.09895833333333333 0.2439814814814815
3 0.2845052083333333 0.06180555555555556 0.04505208333333333 0.07916666666666666
2 0.4609375 0.32592592592592595 0.08072916666666667 0.1388888888888889
2 0.28763020833333336 0.48564814814814816 0.08880208333333334 0.14722222222222223
2 0.15885416666666666 0.21805555555555556 0.07552083333333333 0.13425925925925927
1 0.20143229166666668 0.7175925925925926 0.04453125 0.07407407407407407
12 0.04635416666666667 0.5726851851851852 0.058333333333333334 0.11574074074074074
11 0.05807291666666667 0.7662037037037037 0.103125 0.2212962962962963
