4 0.06419270833333333 0.6902777777777778 0.07838541666666667 0.24444444444444444
5 0.7459635416666667 0.21296296296296297 0.05390625 0.2601851851851852
6 0.469921875 0.35555555555555557 0.12057291666666667 0.27314814814814814
7 0.6036458333333333 0.6752314814814815 0.15520833333333334 0.22268518518518518
8 0.15703125 0.7162037037037037 0.12916666666666668 0.12314814814814815
9 0.2859375 0.5321759259259259 0.05677083333333333 0.09398148148148149
9 0.21653645833333332 0.21203703703703702 0.05859375 0.08796296296296297
10 0.7794270833333333 0.48564814814814816 0.07864583333333333 0.12962962962962962
12 0.5983072916666666 0.3282407407407407 0.07057291666666667 0.13703703703703704
1 0.45364583333333336 0.09837962962962964 0.04739583333333333 0.08657407407407407
2 0.3182291666666667 0.3226851851851852 0.09270833333333334 0.16296296296296298
2 0.4197916666666667 0.6590277777777778 0.08489583333333334 0.1597222222222222
2 0.11080729166666667 0.4203703703703704 0.10546875 0.16203703703703703
