11 0.08059895833333333 0.8837962962962963 0.08880208333333334 0.23055555555555557
12 0.051953125 0.6995370370370371 0.05286458333333333 0.11296296296296296
9 0.3880208333333333 0.575 0.046875 0.08796296296296297
9 0.27005208333333336 0.3453703703703704 0.05416666666666667 0.07777777777777778
8 0.32760416666666664 0.10740740740740741 0.10416666666666667 0.16203703703703703
6 0.14375 0.6085648148148148 0.08177083333333333 0.2449074074074074
3 0.2390625 0.125 0.04635416666666667 0.07685185185185185
2 0.43671875 0.33310185185185187 0.07760416666666667 0.1310185185185185
2 0.280078125 0.5444444444444444 0.09088541666666666 0.14722222222222223
2 0.12942708333333333 0.3173611111111111 0.07291666666666667 0.11712962962962963
1 0.21731770833333333 0.8002314814814815 0.04505208333333333 0.07546296296296297
