12 0.0390625 0.9282407407407407 0.04635416666666667 0.11851851851851852
9 0.3450520833333333 0.6708333333333333 0.049479166666666664 0.09074074074074075
9 0.20169270833333333 0.49675925925925923 0.054427083333333334 0.08425925925925926
8 0.220703125 0.23981481481481481 0.08776041666666666 0.18611111111111112
6 0.1140625 0.8034722222222223 0.08645833333333333 0.24768518518518517
4 0.31614583333333335 0.15578703703703703 0.12239583333333333 0.18287037037037038
3 0.14375 0.2986111111111111 0.04583333333333333 0.07407407407407407
2 0.360546875 0.4164351851851852 0.07317708333333334 0.10972222222222222
2 0.23645833333333333 0.6849537037037037 0.0890625 0.14583333333333334
2 0.0640625 0.5293981481481481 0.0859375 0.13194444444444445
1 0.21119791666666668 0.9583333333333334 0.044270833333333336 0.07777777777777778
