1 0.241015625 0.46041666666666664 0.045572916666666664 0.07361111111111111
2 0.4024739583333333 0.46967592592592594 0.07317708333333334 0.13842592592592592
2 0.5721354166666667 0.6418981481481482 0.06302083333333333 0.12824074074074074
2 0.45559895833333336 0.1363425925925926 0.07994791666666666 0.1476851851851852
3 0.5983072916666666 0.24212962962962964 0.04140625 0.07407407407407407
4 0.7033854166666667 0.5284722222222222 0.08802083333333334 0.2199074074074074
6 0.3111979166666667 0.2738425925925926 0.146875 0.15138888888888888
8 0.6470052083333333 0.38564814814814813 0.10911458333333333 0.1388888888888889
9 0.43020833333333336 0.6525462962962963 0.04583333333333333 0.0837962962962963
9 0.49947916666666664 0.37824074074074077 0.04739583333333333 0.07777777777777778
12 0.219921875 0.1502314814814815 0.07109375 0.0912037037037037
11 0.13294270833333333 0.2675925925925926 0.15130208333333334 0.07777777777777778
