8 0.6256510416666666 0.17083333333333334 0.11588541666666667 0.1287037037037037
6 0.27630208333333334 0.15833333333333333 0.14947916666666666 0.18796296296296297
4 0.6946614583333334 0.29398148148148145 0.06901041666666667 0.22870370370370371
3 0.5598958333333334 0.04027777777777778 0.0421875 0.08055555555555556
2 0.5735677083333334 0.4530092592592593 0.07265625 0.13472222222222222
2 0.38723958333333336 0.33125 0.0671875 0.12453703703703704
1 0.22734375 0.3736111111111111 0.0453125 0.0712962962962963
12 0.17591145833333333 0.06574074074074074 0.07421875 0.10185185185185185
11 0.10286458333333333 0.22546296296296298 0.15260416666666668 0.08888888888888889
9 0.47434895833333335 0.20972222222222223 0.04869791666666667 0.08333333333333333
9 0.4334635416666667 0.5081018518518519 0.04401041666666667 0.08657407407407407
