12 0.16927083333333334 0.794675925925926 0.0609375 0.13194444444444445
1 0.3321614583333333 0.9481481481481482 0.04609375 0.08333333333333333
2 0.4264322916666667 0.7041666666666667 0.08619791666666667 0.16203703703703703
2 0.61875 0.5333333333333333 0.08802083333333334 0.15092592592592594
2 0.29296875 0.42083333333333334 0.078125 0.13796296296296295
3 0.42799479166666665 0.2537037037037037 0.045572916666666664 0.07962962962962963
4 0.637890625 0.24560185185185185 0.09088541666666666 0.2439814814814815
6 0.27838541666666666 0.7296296296296296 0.10260416666666666 0.2759259259259259
7 0.11614583333333334 0.47939814814814813 0.1515625 0.23842592592592593
8 0.5317708333333333 0.26851851851851855 0.11927083333333334 0.15
9 0.43828125 0.4914351851851852 0.0515625 0.08842592592592592
9 0.537890625 0.7689814814814815 0.04921875 0.09351851851851851
