10 0.5841145833333333 0.7550925925925925 0.071875 0.13055555555555556
11 0.5760416666666667 0.28217592592592594 0.15677083333333333 0.10138888888888889
12 0.48932291666666666 0.45208333333333334 0.07395833333333333 0.11064814814814815
1 0.44635416666666666 0.11805555555555555 0.046875 0.08518518518518518
2 0.24296875 0.5416666666666666 0.0984375 0.15555555555555556
2 0.263671875 0.16273148148148148 0.07890625 0.1449074074074074
3 0.78046875 0.3951388888888889 0.051041666666666666 0.0837962962962963
3 0.08919270833333333 0.4761574074074074 0.04973958333333333 0.08009259259259259
5 0.6412760416666666 0.5113425925925926 0.11484375 0.21805555555555556
6 0.375390625 0.34814814814814815 0.15755208333333334 0.20092592592592592
7 0.382421875 0.7358796296296296 0.15130208333333334 0.13564814814814816
9 0.17252604166666666 0.30069444444444443 0.05963541666666667 0.08657407407407407
