7 0.506640625 0.09421296296296296 0.15442708333333333 0.1865740740740741
6 0.46184895833333334 0.4798611111111111 0.14973958333333334 0.1486111111111111
5 0.233984375 0.2199074074074074 0.12942708333333333 0.18611111111111112
4 0.880078125 0.8002314814814815 0.10598958333333333 0.23935185185185184
3 0.77265625 0.47430555555555554 0.05 0.08194444444444444
3 0.09713541666666667 0.27800925925925923 0.0484375 0.07916666666666666
2 0.55 0.6972222222222222 0.08020833333333334 0.15833333333333333
2 0.6244791666666667 0.3458333333333333 0.08645833333333333 0.14722222222222223
2 0.7283854166666667 0.9090277777777778 0.0765625 0.1449074074074074
1 0.374609375 0.6645833333333333 0.046614583333333334 0.08101851851851852
12 0.37057291666666664 0.33611111111111114 0.07135416666666666 0.09444444444444444
11 0.2701822916666667 0.44537037037037036 0.15963541666666667 0.09166666666666666
9 0.6596354166666667 0.6078703703703704 0.05416666666666667 0.09074074074074075
9 0.571484375 0.8986111111111111 0.05078125 0.09907407407407408
8 0.8255208333333334 0.6425925925925926 0.12291666666666666 0.16203703703703703
