9 0.496484375 0.49583333333333335 0.04765625 0.08425925925925926
9 0.40677083333333336 0.7456018518518519 0.04635416666666667 0.0837962962962963
11 0.14348958333333334 0.29398148148148145 0.15052083333333333 0.10555555555555556
12 0.23997395833333332 0.20347222222222222 0.06901041666666667 0.07546296296296297
1 0.23502604166666666 0.5113425925925926 0.04505208333333333 0.07268518518518519
2 0.39375 0.5611111111111111 0.07864583333333333 0.14444444444444443
2 0.546484375 0.7692129629629629 0.055989583333333336 0.12916666666666668
2 0.473828125 0.25092592592592594 0.07578125 0.13055555555555556
3 0.603515625 0.3907407407407407 0.04244791666666667 0.07314814814814814
4 0.6841145833333333 0.6939814814814815 0.09791666666666667 0.2074074074074074
5 0.118359375 0.08101851851851852 0.12786458333333334 0.16018518518518518
6 0.3203125 0.3502314814814815 0.1453125 0.12083333333333333
8 0.6377604166666667 0.5467592592592593 0.103125 0.15555555555555556
