6 0.11640625 0.7328703703703704 0.071875 0.24537037037037038
4 0.36614583333333334 0.1400462962962963 0.1109375 0.20416666666666666
8 0.2662760416666667 0.20347222222222222 0.09765625 0.16898148148148148
9 0.355859375 0.6555555555555556 0.046614583333333334 0.09074074074074075
9 0.225390625 0.44907407407407407 0.05390625 0.07962962962962963
12 0.03125 0.8381944444444445 0.050520833333333334 0.11435185185185186
1 0.19947916666666668 0.9078703703703703 0.044270833333333336 0.07685185185185185
2 0.390234375 0.4083333333333333 0.07630208333333334 0.12129629629629629
2 0.24635416666666668 0.6439814814814815 0.08958333333333333 0.14907407407407408
2 0.0859375 0.4476851851851852 0.07916666666666666 0.11944444444444445
3 0.18255208333333334 0.2377314814814815 0.04635416666666667 0.07546296296296297
