7 0.21158854166666666 0.8789351851851852 0.13776041666666666 0.23842592592592593
6 0.35598958333333336 0.6363425925925926 0.14947916666666666 0.18194444444444444
3 0.11783854166666667 0.3421296296296296 0.046614583333333334 0.07685185185185185
2 0.35494791666666664 0.37407407407407406 0.090625 0.14814814814814814
2 0.19557291666666668 0.5840277777777778 0.0875 0.1310185185185185
1 0.49114583333333334 0.5659722222222222 0.0421875 0.0763888888888889
12 0.390234375 0.8324074074074074 0.07109375 0.10925925925925926
11 0.508984375 0.8384259259259259 0.12786458333333334 0.2101851851851852
9 0.24192708333333332 0.34050925925925923 0.05416666666666667 0.08842592592592592
9 0.399609375 0.1849537037037037 0.05130208333333333 0.09305555555555556
8 0.12005208333333334 0.15578703703703703 0.08229166666666667 0.21342592592592594
