1 0.426171875 0.46435185185185185 0.04453125 0.07407407407407407
2 0.248828125 0.37962962962962965 0.09453125 0.16574074074074074
2 0.15130208333333334 0.700462962962963 0.09010416666666667 0.13425925925925927
3 0.6611979166666667 0.9409722222222222 0.04635416666666667 0.0875
6 0.3106770833333333 0.6268518518518519 0.153125 0.11296296296296296
2 0.09127604166666667 0.11388888888888889 0.08203125 0.14722222222222223
3 0.024739583333333332 0.5289351851851852 0.049479166666666664 0.07824074074074074
9 0.13776041666666666 0.4340277777777778 0.058333333333333334 0.0912037037037037
9 0.24700520833333334 0.1648148148148148 0.05703125 0.08796296296296297
11 0.5037760416666667 0.7143518518518519 0.15026041666666667 0.13148148148148148
12 0.39140625 0.7916666666666666 0.06875 0.08055555555555556
