3 0.1703125 0.26134259259259257 0.04635416666666667 0.07546296296296297
2 0.38033854166666664 0.4219907407407407 0.07526041666666666 0.11805555555555555
2 0.240234375 0.6641203703703704 0.09088541666666666 0.14953703703703702
2 0.0765625 0.4761574074074074 0.08020833333333334 0.12361111111111112
4 0.35130208333333335 0.15486111111111112 0.11302083333333333 0.19953703703703704
6 0.11158854166666667 0.7594907407407407 0.07526041666666666 0.2449074074074074
8 0.2526041666666667 0.2224537037037037 0.09635416666666667 0.1736111111111111
9 0.21627604166666667 0.4706018518518518 0.054427083333333334 0.08194444444444444
9 0.349609375 0.6710648148148148 0.047135416666666666 0.09027777777777778
12 0.028645833333333332 0.86875 0.04895833333333333 0.1162037037037037
1 0.19752604166666668 0.9305555555555556 0.04296875 0.07685185185185185
