1 0.24348958333333334 0.4321759259259259 0.04479166666666667 0.07268518518518519
2 0.404296875 0.4238425925925926 0.06848958333333334 0.13657407407407407
2 0.5815104166666667 0.5810185185185185 0.0671875 0.13240740740740742
2 0.4485677083333333 0.08217592592592593 0.08255208333333333 0.15231481481481482
3 0.5953125 0.17453703703703705 0.0421875 0.07592592592592592
4 0.71015625 0.45231481481481484 0.08333333333333333 0.22314814814814815
6 0.30716145833333336 0.2335648148148148 0.14765625 0.16342592592592592
8 0.6494791666666667 0.31574074074074077 0.11197916666666667 0.13703703703703704
9 0.43893229166666664 0.6043981481481482 0.04453125 0.0875
9 0.5001302083333333 0.3215277777777778 0.048177083333333336 0.07546296296296297
11 0.12994791666666666 0.25416666666666665 0.15104166666666666 0.07685185185185185
12 0.212890625 0.11990740740740741 0.07213541666666666 0.0962962962962963
