11 0.178515625 0.30277777777777776 0.14036458333333332 0.17314814814814813
12 0.2903645833333333 0.27685185185185185 0.06822916666666666 0.09444444444444444
1 0.226953125 0.555787037037037 0.04401041666666667 0.07361111111111111
2 0.36796875 0.6976851851851852 0.08489583333333334 0.15185185185185185
2 0.499609375 0.4597222222222222 0.06848958333333334 0.1111111111111111
3 0.5940104166666667 0.6583333333333333 0.040625 0.07222222222222222
3 0.06627604166666666 0.037037037037037035 0.04765625 0.07407407407407407
5 0.19700520833333332 0.0863425925925926 0.13411458333333334 0.09675925925925925
6 0.3377604166666667 0.46087962962962964 0.14166666666666666 0.14027777777777778
7 0.4518229166666667 0.1701388888888889 0.13125 0.23287037037037037
8 0.5938802083333333 0.83125 0.07682291666666667 0.1875
9 0.47578125 0.6935185185185185 0.0421875 0.08981481481481482
9 0.34479166666666666 0.8726851851851852 0.04895833333333333 0.08703703703703704
