11 0.44817708333333334 0.2298611111111111 0.04375 0.2513888888888889
10 0.68671875 0.23541666666666666 0.0625 0.11898148148148148
12 0.5278645833333333 0.3736111111111111 0.053125 0.11666666666666667
9 0.2825520833333333 0.7694444444444445 0.04895833333333333 0.08148148148148149
9 0.43893229166666664 0.8560185185185185 0.04140625 0.08703703703703704
7 0.665234375 0.555324074074074 0.07213541666666666 0.23842592592592593
6 0.47109375 0.5451388888888888 0.0921875 0.23842592592592593
5 0.5647135416666667 0.13495370370370371 0.10442708333333334 0.19212962962962962
2 0.377734375 0.7048611111111112 0.07161458333333333 0.12361111111111112
2 0.5598958333333334 0.7620370370370371 0.07552083333333333 0.14722222222222223
1 0.36380208333333336 0.42592592592592593 0.04010416666666667 0.06759259259259259
