3 0.6040364583333333 0.3372685185185185 0.04192708333333333 0.07361111111111111
2 0.55703125 0.7266203703703704 0.057291666666666664 0.12638888888888888
2 0.3983072916666667 0.5296296296296297 0.07213541666666666 0.1398148148148148
2 0.4694010416666667 0.21041666666666667 0.07786458333333333 0.1375
1 0.23828125 0.4912037037037037 0.044270833333333336 0.07222222222222222
12 0.234765625 0.18101851851851852 0.06901041666666667 0.0824074074074074
11 0.14166666666666666 0.2800925925925926 0.15052083333333333 0.09259259259259259
9 0.500390625 0.4534722222222222 0.04609375 0.08101851851851852
9 0.4166666666666667 0.7125 0.04739583333333333 0.08518518518518518
6 0.31888020833333336 0.32083333333333336 0.14453125 0.12962962962962962
5 0.11041666666666666 0.07546296296296297 0.12447916666666667 0.15092592592592594
4 0.6936197916666667 0.6347222222222222 0.09192708333333334 0.2074074074074074
8 0.6442708333333333 0.49050925925925926 0.10416666666666667 0.14953703703703702
