3 0.09466145833333334 0.2814814814814815 0.048177083333333336 0.07777777777777778
3 0.7721354166666666 0.46041666666666664 0.04895833333333333 0.07916666666666666
4 0.8828125 0.7837962962962963 0.103125 0.2361111111111111
5 0.22916666666666666 0.21851851851851853 0.12760416666666666 0.18611111111111112
6 0.460546875 0.4740740740740741 0.15026041666666667 0.14907407407407408
7 0.50234375 0.08865740740740741 0.15520833333333334 0.17453703703703705
8 0.8259114583333333 0.6261574074074074 0.12369791666666667 0.16157407407407406
9 0.659375 0.5960648148148148 0.0546875 0.08935185185185185
9 0.573828125 0.8888888888888888 0.05026041666666667 0.09722222222222222
11 0.26901041666666664 0.4444444444444444 0.159375 0.08796296296296297
12 0.36809895833333334 0.3314814814814815 0.07005208333333333 0.09259259259259259
1 0.37526041666666665 0.6601851851851852 0.04583333333333333 0.07962962962962963
2 0.621484375 0.3349537037037037 0.08828125 0.14675925925925926
2 0.5506510416666667 0.687037037037037 0.07942708333333333 0.1537037037037037
2 0.7305989583333333 0.8960648148148148 0.07942708333333333 0.14583333333333334
