5 0.5921875 0.8956018518518518 0.13125 0.1412037037037037
3 0.7334635416666667 0.8939814814814815 0.04609375 0.08148148148148149
3 0.120703125 0.4706018518518518 0.047135416666666666 0.07453703703703704
4 0.052994791666666666 0.1284722222222222 0.10442708333333334 0.20972222222222223
6 0.40078125 0.5784722222222223 0.13958333333333334 0.10416666666666667
8 0.083203125 0.29907407407407405 0.10755208333333334 0.1787037037037037
9 0.23411458333333332 0.38425925925925924 0.05416666666666667 0.08796296296296297
9 0.346484375 0.13148148148148148 0.054427083333333334 0.08888888888888889
11 0.5856770833333333 0.674537037037037 0.14635416666666667 0.1361111111111111
12 0.47552083333333334 0.7414351851851851 0.06458333333333334 0.08009259259259259
1 0.512890625 0.42662037037037037 0.04192708333333333 0.07453703703703704
2 0.3455729166666667 0.33796296296296297 0.08958333333333333 0.15833333333333333
2 0.24231770833333333 0.6414351851851852 0.08307291666666666 0.12453703703703704
