2 0.5059895833333333 0.9018518518518519 0.06354166666666666 0.14537037037037037
2 0.37669270833333335 0.6576388888888889 0.08255208333333333 0.14675925925925926
2 0.481640625 0.38078703703703703 0.06640625 0.10787037037037037
3 0.5954427083333333 0.5469907407407407 0.03984375 0.07361111111111111
4 0.645703125 0.8655092592592593 0.10598958333333333 0.18564814814814815
5 0.14817708333333332 0.1099537037037037 0.13072916666666667 0.13194444444444445
6 0.3223958333333333 0.43287037037037035 0.13645833333333332 0.09907407407407408
7 0.4049479166666667 0.10555555555555556 0.14010416666666667 0.20925925925925926
8 0.612890625 0.7148148148148148 0.09036458333333333 0.17314814814814813
9 0.3717447916666667 0.8379629629629629 0.048177083333333336 0.0824074074074074
9 0.483203125 0.6199074074074075 0.04348958333333333 0.08611111111111111
11 0.15377604166666667 0.32546296296296295 0.14661458333333333 0.13518518518518519
12 0.2578125 0.26805555555555555 0.06614583333333333 0.0787037037037037
1 0.224609375 0.5622685185185186 0.04401041666666667 0.07175925925925926
