9 0.15260416666666668 0.2863425925925926 0.059375 0.09212962962962963
10 0.4752604166666667 0.9226851851851852 0.0703125 0.13425925925925927
11 0.5393229166666667 0.49050925925925926 0.15416666666666667 0.10694444444444444
12 0.43307291666666664 0.5905092592592592 0.0703125 0.08564814814814815
1 0.44375 0.25300925925925927 0.0453125 0.08009259259259259
2 0.18385416666666668 0.5534722222222223 0.0953125 0.14027777777777778
2 0.26067708333333334 0.2023148148148148 0.09114583333333333 0.16111111111111112
3 0.7157552083333333 0.6773148148148148 0.048177083333333336 0.08148148148148149
3 0.045572916666666664 0.41087962962962965 0.050520833333333334 0.07916666666666666
5 0.5686197916666667 0.7185185185185186 0.13046875 0.17037037037037037
6 0.340234375 0.44004629629629627 0.15807291666666667 0.13935185185185187
7 0.28854166666666664 0.8101851851851852 0.16302083333333334 0.1962962962962963
