9 0.6127604166666667 0.4618055555555556 0.053125 0.08657407407407407
9 0.5661458333333333 0.7782407407407408 0.04635416666666667 0.09722222222222222
8 0.7795572916666667 0.4270833333333333 0.13046875 0.14027777777777778
6 0.40377604166666664 0.4162037037037037 0.15286458333333333 0.19444444444444445
5 0.15247395833333333 0.26180555555555557 0.11380208333333333 0.2152777777777778
4 0.8515625 0.555787037037037 0.08072916666666667 0.25046296296296294
3 0.705078125 0.28379629629629627 0.048177083333333336 0.08333333333333333
3 0.0296875 0.37569444444444444 0.049479166666666664 0.07546296296296297
2 0.7196614583333333 0.7229166666666667 0.08671875 0.15416666666666667
2 0.51796875 0.5928240740740741 0.06875 0.1412037037037037
2 0.5434895833333333 0.22268518518518518 0.08802083333333334 0.16574074074074074
1 0.3463541666666667 0.6344907407407407 0.046875 0.08009259259259259
12 0.2967447916666667 0.31550925925925927 0.07682291666666667 0.11064814814814815
11 0.216796875 0.48032407407407407 0.15911458333333334 0.09953703703703703
