7 0.5415364583333333 0.31157407407407406 0.11015625 0.24444444444444444
6 0.38424479166666664 0.5263888888888889 0.13723958333333333 0.18611111111111112
5 0.3098958333333333 0.09861111111111111 0.13020833333333334 0.07592592592592592
3 0.5954427083333333 0.8300925925925926 0.03984375 0.07407407407407407
2 0.375390625 0.7587962962962963 0.08046875 0.1425925925925926
2 0.538671875 0.600462962962963 0.07578125 0.13333333333333333
1 0.262890625 0.55625 0.04348958333333333 0.07268518518518519
12 0.369140625 0.3296296296296296 0.06744791666666666 0.10925925925925926
11 0.2559895833333333 0.2969907407407407 0.12083333333333333 0.2152777777777778
9 0.32473958333333336 0.9159722222222222 0.04583333333333333 0.08842592592592592
9 0.478125 0.8097222222222222 0.04635416666666667 0.08611111111111111
