3 0.4845052083333333 0.08981481481481482 0.04348958333333333 0.08425925925925926
5 0.469921875 0.35300925925925924 0.06796875 0.24861111111111112
6 0.2682291666666667 0.655787037037037 0.0765625 0.25601851851851853
7 0.44921875 0.8344907407407407 0.12083333333333333 0.2662037037037037
9 0.15481770833333333 0.9222222222222223 0.055989583333333336 0.09074074074074075
10 0.5576822916666667 0.5530092592592593 0.06901041666666667 0.11527777777777778
11 0.342578125 0.3351851851851852 0.08515625 0.2611111111111111
12 0.37135416666666665 0.5421296296296296 0.046875 0.11944444444444445
1 0.20013020833333334 0.4428240740740741 0.04921875 0.0763888888888889
2 0.13489583333333333 0.7268518518518519 0.09947916666666666 0.15925925925925927
