9 0.475390625 0.8465277777777778 0.046614583333333334 0.08287037037037037
9 0.316015625 0.9178240740740741 0.046614583333333334 0.0912037037037037
10 0.4953125 0.07708333333333334 0.065625 0.11898148148148148
11 0.29140625 0.29259259259259257 0.11041666666666666 0.22870370370370371
12 0.40182291666666664 0.3474537037037037 0.06614583333333333 0.11712962962962963
1 0.28033854166666666 0.5481481481481482 0.04348958333333333 0.0712962962962963
2 0.37799479166666666 0.7743055555555556 0.07942708333333333 0.13935185185185187
2 0.5497395833333333 0.6516203703703703 0.07760416666666667 0.14212962962962963
3 0.590234375 0.89375 0.040364583333333336 0.0763888888888889
5 0.3600260416666667 0.10671296296296297 0.12890625 0.09861111111111111
6 0.4036458333333333 0.5476851851851852 0.134375 0.2037037037037037
7 0.574609375 0.3701388888888889 0.09713541666666667 0.24768518518518517
