7 0.5322916666666667 0.6527777777777778 0.1546875 0.18981481481481483
6 0.4328125 0.2965277777777778 0.1359375 0.26342592592592595
9 0.23541666666666666 0.41412037037037036 0.0546875 0.09212962962962963
9 0.19791666666666666 0.0763888888888889 0.059375 0.09537037037037037
10 0.723046875 0.524074074074074 0.07317708333333334 0.13333333333333333
12 0.5622395833333333 0.3122685185185185 0.07447916666666667 0.13472222222222222
2 0.35625 0.5828703703703704 0.09114583333333333 0.16111111111111112
2 0.28815104166666666 0.2199074074074074 0.09036458333333333 0.16018518518518518
2 0.07369791666666667 0.24791666666666667 0.10729166666666666 0.16435185185185186
3 0.1984375 0.6400462962962963 0.04739583333333333 0.08101851851851852
5 0.7184895833333333 0.2449074074074074 0.07447916666666667 0.2611111111111111
8 0.09036458333333333 0.5583333333333333 0.13489583333333333 0.10740740740740741
