12 0.20885416666666667 0.1 0.071875 0.09907407407407408
11 0.12760416666666666 0.2423611111111111 0.15104166666666666 0.07824074074074074
9 0.44231770833333334 0.5766203703703704 0.04453125 0.08564814814814815
9 0.49908854166666666 0.28888888888888886 0.048177083333333336 0.07592592592592592
8 0.6490885416666666 0.2763888888888889 0.11328125 0.13796296296296295
6 0.3045572916666667 0.20902777777777778 0.14817708333333332 0.17175925925925925
4 0.7122395833333334 0.4074074074074074 0.08020833333333334 0.2222222222222222
3 0.5921875 0.13703703703703704 0.04114583333333333 0.07777777777777778
2 0.5841145833333333 0.5456018518518518 0.06875 0.13194444444444445
2 0.4061197916666667 0.39699074074074076 0.07161458333333333 0.1310185185185185
1 0.244140625 0.41203703703703703 0.04505208333333333 0.07222222222222222
