10 0.6096354166666667 0.5766203703703704 0.071875 0.11342592592592593
11 0.41770833333333335 0.293287037037037 0.10416666666666667 0.25046296296296294
12 0.42578125 0.5094907407407407 0.05520833333333333 0.12453703703703704
1 0.265234375 0.35532407407407407 0.04869791666666667 0.07546296296296297
2 0.170703125 0.6192129629629629 0.09765625 0.1587962962962963
2 0.31015625 0.8814814814814815 0.0734375 0.14722222222222223
3 0.583203125 0.0962962962962963 0.04505208333333333 0.08425925925925926
5 0.5444010416666667 0.3460648148148148 0.04505208333333333 0.24305555555555555
6 0.31197916666666664 0.5909722222222222 0.09375 0.25972222222222224
7 0.47486979166666665 0.8236111111111111 0.13307291666666668 0.25277777777777777
9 0.17083333333333334 0.819675925925926 0.057291666666666664 0.08657407407407407
9 0.06380208333333333 0.5585648148148148 0.0578125 0.08935185185185185
