7 0.30325520833333336 0.7923611111111111 0.16171875 0.1884259259259259
9 0.159375 0.2759259259259259 0.0609375 0.08981481481481482
10 0.49140625 0.8958333333333334 0.07083333333333333 0.13055555555555556
11 0.548828125 0.46064814814814814 0.15494791666666666 0.09907407407407408
12 0.4440104166666667 0.5662037037037037 0.07135416666666666 0.08703703703703704
1 0.4493489583333333 0.22800925925925927 0.045572916666666664 0.0837962962962963
2 0.26588541666666665 0.18518518518518517 0.09270833333333334 0.16111111111111112
2 0.19401041666666666 0.5402777777777777 0.09479166666666666 0.14074074074074075
3 0.728125 0.6407407407407407 0.05 0.08055555555555556
3 0.05377604166666667 0.4046296296296296 0.05026041666666667 0.0787037037037037
5 0.5815104166666667 0.6877314814814814 0.12916666666666668 0.17824074074074073
6 0.348828125 0.41805555555555557 0.15859375 0.14444444444444443
