12 0.18098958333333334 0.7340277777777777 0.06145833333333333 0.12916666666666668
1 0.34075520833333334 0.8983796296296296 0.04609375 0.08287037037037037
2 0.44088541666666664 0.6576388888888889 0.08854166666666667 0.16157407407407406
2 0.63515625 0.5006944444444444 0.09114583333333333 0.15231481481481482
2 0.31302083333333336 0.36666666666666664 0.07916666666666666 0.14074074074074075
3 0.45013020833333334 0.20925925925925926 0.04401041666666667 0.08055555555555556
4 0.6611979166666667 0.21388888888888888 0.08958333333333333 0.24814814814814815
5 0.06783854166666667 0.8685185185185185 0.05130208333333333 0.2388888888888889
6 0.2916666666666667 0.6752314814814815 0.10677083333333333 0.2689814814814815
7 0.13489583333333333 0.412962962962963 0.15416666666666667 0.2361111111111111
8 0.5555989583333333 0.22777777777777777 0.12213541666666666 0.14629629629629629
9 0.455859375 0.44814814814814813 0.05130208333333333 0.08611111111111111
9 0.5497395833333333 0.7303240740740741 0.051041666666666666 0.09305555555555556
