8 0.605859375 0.7733796296296296 0.08515625 0.17916666666666667
9 0.359765625 0.8608796296296296 0.04921875 0.08287037037037037
9 0.4805989583333333 0.6578703703703703 0.04348958333333333 0.08888888888888889
11 0.16302083333333334 0.32175925925925924 0.14375 0.1527777777777778
12 0.27096354166666664 0.2775462962962963 0.06744791666666666 0.08564814814814815
1 0.22513020833333333 0.5657407407407408 0.04505208333333333 0.07407407407407407
2 0.37278645833333335 0.6805555555555556 0.08307291666666666 0.14814814814814814
2 0.48932291666666666 0.42083333333333334 0.06458333333333334 0.10555555555555556
3 0.5954427083333333 0.6018518518518519 0.04140625 0.07314814814814814
5 0.16809895833333333 0.10462962962962963 0.13515625 0.11666666666666667
6 0.3296875 0.4516203703703704 0.13854166666666667 0.11898148148148148
7 0.4244791666666667 0.1388888888888889 0.13697916666666668 0.22037037037037038
3 0.03606770833333333 0.07916666666666666 0.047135416666666666 0.07592592592592592
