9 0.39427083333333335 0.16342592592592592 0.0515625 0.09259259259259259
9 0.24778645833333332 0.34976851851851853 0.05234375 0.08935185185185185
8 0.117578125 0.19143518518518518 0.08723958333333333 0.2050925925925926
11 0.5438802083333333 0.7925925925925926 0.13567708333333334 0.18888888888888888
12 0.426171875 0.8074074074074075 0.06901041666666667 0.10185185185185185
1 0.5088541666666667 0.5238425925925926 0.0421875 0.07546296296296297
2 0.36080729166666664 0.3611111111111111 0.08880208333333334 0.15462962962962962
2 0.21692708333333333 0.6011574074074074 0.0828125 0.12175925925925926
3 0.12486979166666666 0.3768518518518518 0.047135416666666666 0.075
6 0.379296875 0.6166666666666667 0.14713541666666666 0.16111111111111112
