9 0.49466145833333336 0.5256944444444445 0.045572916666666664 0.0837962962962963
9 0.3997395833333333 0.768287037037037 0.04791666666666667 0.08472222222222223
11 0.14557291666666666 0.3020833333333333 0.15 0.11157407407407408
12 0.243359375 0.2199074074074074 0.06744791666666666 0.075
1 0.23359375 0.525 0.04583333333333333 0.07314814814814814
2 0.390625 0.5847222222222223 0.07708333333333334 0.14722222222222223
2 0.538671875 0.799074074074074 0.05911458333333333 0.14074074074074075
2 0.4764322916666667 0.2814814814814815 0.07317708333333334 0.125
3 0.6028645833333334 0.42662037037037037 0.041666666666666664 0.0763888888888889
4 0.677734375 0.736574074074074 0.09973958333333334 0.20462962962962963
5 0.12473958333333333 0.08587962962962963 0.128125 0.15694444444444444
6 0.32109375 0.3715277777777778 0.1421875 0.11064814814814815
8 0.6334635416666666 0.5872685185185185 0.10026041666666667 0.16157407407407406
