12 0.15481770833333333 0.8351851851851851 0.06171875 0.12685185185185185
2 0.41158854166666664 0.7337962962962963 0.09088541666666666 0.1638888888888889
2 0.5998697916666667 0.5587962962962963 0.08671875 0.14907407407407408
2 0.27317708333333335 0.45578703703703705 0.07916666666666666 0.13564814814814816
3 0.405859375 0.28587962962962965 0.04505208333333333 0.08009259259259259
4 0.6154947916666667 0.27037037037037037 0.09192708333333334 0.23981481481481481
6 0.2630208333333333 0.7655092592592593 0.10052083333333334 0.27361111111111114
6 0.09674479166666666 0.524074074074074 0.15286458333333333 0.24259259259259258
8 0.5098958333333333 0.29791666666666666 0.11770833333333333 0.14953703703703702
9 0.41966145833333335 0.5222222222222223 0.053385416666666664 0.08703703703703704
9 0.5223958333333333 0.7939814814814815 0.05 0.0962962962962963
