5 0.649609375 0.7418981481481481 0.11692708333333333 0.19212962962962962
6 0.41015625 0.5409722222222222 0.14791666666666667 0.16712962962962963
7 0.391015625 0.9046296296296297 0.14557291666666666 0.16296296296296298
8 0.0609375 0.44837962962962963 0.121875 0.1412037037037037
9 0.21927083333333333 0.4474537037037037 0.05625 0.08009259259259259
9 0.28216145833333334 0.14351851851851852 0.05286458333333333 0.09537037037037037
11 0.6022135416666666 0.525 0.14869791666666668 0.08055555555555556
12 0.51015625 0.6569444444444444 0.06770833333333333 0.09537037037037037
1 0.49127604166666666 0.33587962962962964 0.04296875 0.0763888888888889
2 0.3165364583333333 0.34050925925925923 0.07942708333333333 0.14305555555555555
3 0.784765625 0.6618055555555555 0.048177083333333336 0.07916666666666666
3 0.12682291666666667 0.5925925925925926 0.046875 0.07685185185185185
2 0.27044270833333334 0.6891203703703703 0.09244791666666667 0.14953703703703702
2 0.13033854166666667 0.16875 0.08515625 0.14212962962962963
