7 0.4061197916666667 0.718287037037037 0.14713541666666666 0.11805555555555555
6 0.38203125 0.3347222222222222 0.1546875 0.2101851851851852
3 0.7872395833333333 0.32685185185185184 0.051041666666666666 0.08518518518518518
3 0.104296875 0.5030092592592592 0.04921875 0.07916666666666666
2 0.25872395833333334 0.5476851851851852 0.09921875 0.16018518518518518
2 0.26328125 0.16875 0.07395833333333333 0.14212962962962963
1 0.44309895833333335 0.09699074074074074 0.046614583333333334 0.08564814814814815
12 0.4993489583333333 0.425462962962963 0.07317708333333334 0.11666666666666667
11 0.5794270833333334 0.24212962962962964 0.1578125 0.12314814814814815
10 0.6063802083333333 0.7129629629629629 0.07057291666666667 0.12962962962962962
9 0.17916666666666667 0.3173611111111111 0.0578125 0.08935185185185185
5 0.654296875 0.4585648148148148 0.10859375 0.2263888888888889
