12 0.12044270833333333 0.9358796296296297 0.05286458333333333 0.12638888888888888
2 0.3634114583333333 0.7659722222222223 0.09296875 0.16712962962962963
2 0.5309895833333333 0.5412037037037037 0.08125 0.1398148148148148
2 0.201953125 0.5344907407407408 0.07630208333333334 0.12638888888888888
3 0.31666666666666665 0.32546296296296295 0.04895833333333333 0.08055555555555556
4 0.5208333333333334 0.25277777777777777 0.1078125 0.2222222222222222
6 0.21875 0.8391203703703703 0.08333333333333333 0.27546296296296297
8 0.41497395833333334 0.30995370370370373 0.11067708333333333 0.1699074074074074
9 0.35182291666666665 0.5560185185185185 0.05520833333333333 0.08796296296296297
9 0.4783854166666667 0.7986111111111112 0.04791666666666667 0.09907407407407408
