8 0.8236979166666667 0.6796296296296296 0.11979166666666667 0.17037037037037037
9 0.6592447916666667 0.6344907407407407 0.054947916666666666 0.09305555555555556
9 0.565625 0.9201388888888888 0.051041666666666666 0.09953703703703703
11 0.2721354166666667 0.4486111111111111 0.15885416666666666 0.1
12 0.375 0.3449074074074074 0.06979166666666667 0.08981481481481482
1 0.3734375 0.674537037037037 0.046875 0.08055555555555556
2 0.5479166666666667 0.7166666666666667 0.08072916666666667 0.16203703703703703
2 0.628515625 0.37060185185185185 0.08567708333333333 0.14305555555555555
3 0.7743489583333333 0.507175925925926 0.05026041666666667 0.08287037037037037
3 0.10221354166666667 0.2712962962962963 0.04921875 0.08055555555555556
4 0.8756510416666666 0.8405092592592592 0.10963541666666667 0.2337962962962963
5 0.230078125 0.20555555555555555 0.14973958333333334 0.2101851851851852
5 0.23958333333333334 0.2212962962962963 0.13072916666666667 0.1787037037037037
6 0.463671875 0.49583333333333335 0.14973958333333334 0.14166666666666666
7 0.51640625 0.11180555555555556 0.15520833333333334 0.19675925925925927
