9 0.31080729166666665 0.90625 0.045572916666666664 0.08935185185185185
9 0.4727864583333333 0.8523148148148149 0.045572916666666664 0.08425925925925926
10 0.5213541666666667 0.08981481481481482 0.06510416666666667 0.11481481481481481
11 0.31002604166666664 0.2826388888888889 0.10338541666666666 0.2337962962962963
12 0.4186197916666667 0.34837962962962965 0.06484375 0.11712962962962963
1 0.2890625 0.5351851851851852 0.042708333333333334 0.07037037037037037
2 0.37799479166666666 0.7729166666666667 0.07786458333333333 0.13194444444444445
2 0.5536458333333333 0.669675925925926 0.07916666666666666 0.14583333333333334
3 0.5841145833333333 0.9125 0.04010416666666667 0.07407407407407407
5 0.38515625 0.1050925925925926 0.1265625 0.11203703703703703
6 0.41263020833333336 0.5493055555555556 0.12838541666666667 0.21342592592592594
7 0.5880208333333333 0.3912037037037037 0.09322916666666667 0.24537037037037038
