12 0.131640625 0.8967592592592593 0.05963541666666667 0.12685185185185185
2 0.38372395833333334 0.7659722222222223 0.09244791666666667 0.16620370370370371
2 0.5615885416666667 0.5671296296296297 0.08411458333333334 0.14722222222222223
2 0.234765625 0.5069444444444444 0.07526041666666666 0.13240740740740742
3 0.359375 0.3189814814814815 0.04791666666666667 0.07777777777777778
4 0.5661458333333333 0.2791666666666667 0.10104166666666667 0.2324074074074074
8 0.4609375 0.32013888888888886 0.11614583333333334 0.15416666666666667
9 0.382421875 0.5525462962962963 0.054427083333333334 0.08472222222222223
9 0.4962239583333333 0.8122685185185186 0.05026041666666667 0.09675925925925925
6 0.23619791666666667 0.8155092592592592 0.09375 0.2726851851851852
7 0.06848958333333334 0.5946759259259259 0.13697916666666668 0.25046296296296294
