12 0.4875 0.7173611111111111 0.06354166666666666 0.07824074074074074
11 0.5916666666666667 0.6280092592592592 0.14895833333333333 0.11064814814814815
1 0.5041666666666667 0.3974537037037037 0.042708333333333334 0.07453703703703704
2 0.33203125 0.3425925925925926 0.08697916666666666 0.15185185185185185
2 0.25 0.6664351851851852 0.08697916666666666 0.13472222222222222
2 0.16731770833333334 0.10949074074074074 0.07421875 0.1310185185185185
3 0.11796875 0.5219907407407407 0.046875 0.0763888888888889
3 0.7546875 0.8157407407407408 0.04635416666666667 0.08148148148148149
5 0.61484375 0.8460648148148148 0.1265625 0.16157407407407406
6 0.40260416666666665 0.5703703703703704 0.14427083333333332 0.1287037037037037
8 0.06861979166666667 0.3613425925925926 0.11640625 0.16435185185185186
9 0.22513020833333333 0.4131944444444444 0.054947916666666666 0.08564814814814815
9 0.31940104166666666 0.1375 0.054427083333333334 0.09166666666666666
