7 0.5631510416666666 0.35185185185185186 0.10234375 0.25092592592592594
6 0.396875 0.5451388888888888 0.13645833333333332 0.20324074074074075
5 0.34153645833333335 0.10694444444444444 0.12994791666666666 0.09259259259259259
3 0.5919270833333333 0.8747685185185186 0.040625 0.07916666666666666
2 0.5458333333333333 0.6372685185185185 0.07864583333333333 0.13935185185185187
2 0.37721354166666665 0.7722222222222223 0.07994791666666666 0.14166666666666666
1 0.27421875 0.5543981481481481 0.04375 0.07175925925925926
12 0.3912760416666667 0.34467592592592594 0.06796875 0.11435185185185186
11 0.279296875 0.2965277777777778 0.11380208333333333 0.22361111111111112
10 0.4764322916666667 0.06481481481481481 0.06536458333333334 0.12222222222222222
9 0.3184895833333333 0.9219907407407407 0.044270833333333336 0.08842592592592592
9 0.47682291666666665 0.836574074074074 0.04583333333333333 0.08333333333333333
