12 0.4967447916666667 0.48819444444444443 0.06796875 0.12731481481481483
11 0.530078125 0.27569444444444446 0.13619791666666667 0.20416666666666666
10 0.6548177083333333 0.6657407407407407 0.06848958333333334 0.1287037037037037
9 0.14348958333333334 0.3055555555555556 0.0578125 0.08425925925925926
9 0.19192708333333333 0.6196759259259259 0.05416666666666667 0.09305555555555556
8 0.06236979166666667 0.7736111111111111 0.12421875 0.10925925925925926
7 0.480859375 0.8138888888888889 0.14661458333333333 0.20092592592592592
6 0.37395833333333334 0.49444444444444446 0.12708333333333333 0.25
5 0.6388020833333333 0.4113425925925926 0.059375 0.23935185185185184
3 0.7259114583333334 0.19930555555555557 0.04765625 0.0837962962962963
3 0.16692708333333334 0.8347222222222223 0.046875 0.07962962962962963
2 0.312109375 0.763425925925926 0.08828125 0.16203703703703703
2 0.233203125 0.430787037037037 0.08828125 0.1486111111111111
