7 0.459765625 0.8541666666666666 0.14661458333333333 0.18796296296296297
6 0.37278645833333335 0.5194444444444445 0.13411458333333334 0.24444444444444444
5 0.6407552083333333 0.4844907407407407 0.07057291666666667 0.24027777777777778
3 0.7390625 0.29212962962962963 0.04791666666666667 0.08148148148148149
3 0.14583333333333334 0.8175925925925925 0.04739583333333333 0.07777777777777778
2 0.23658854166666668 0.42916666666666664 0.08515625 0.1398148148148148
2 0.29518229166666665 0.775 0.09192708333333334 0.16111111111111112
1 0.38763020833333334 0.26944444444444443 0.04453125 0.07962962962962963
12 0.49440104166666665 0.5333333333333333 0.07057291666666667 0.125
11 0.5389322916666667 0.32939814814814816 0.14088541666666668 0.18101851851851852
10 0.64140625 0.7416666666666667 0.06458333333333334 0.13148148148148148
9 0.153515625 0.28888888888888886 0.05807291666666667 0.08796296296296297
9 0.18411458333333333 0.6097222222222223 0.053125 0.09166666666666666
