1 0.23984375 0.4777777777777778 0.044270833333333336 0.0712962962962963
2 0.40130208333333334 0.4988425925925926 0.07447916666666667 0.14305555555555555
2 0.5640625 0.6847222222222222 0.0609375 0.125
2 0.462890625 0.1752314814814815 0.07838541666666667 0.1439814814814815
3 0.6015625 0.2923611111111111 0.04114583333333333 0.07175925925925926
4 0.698828125 0.5847222222222223 0.09088541666666666 0.21203703703703702
6 0.31419270833333335 0.2986111111111111 0.14453125 0.14166666666666666
8 0.6458333333333334 0.4393518518518518 0.1078125 0.14444444444444443
9 0.42356770833333335 0.6833333333333333 0.047135416666666666 0.08518518518518518
9 0.5001302083333333 0.41782407407407407 0.046614583333333334 0.07916666666666666
11 0.13684895833333333 0.2738425925925926 0.15026041666666667 0.08287037037037037
12 0.22734375 0.16643518518518519 0.06979166666666667 0.08657407407407407
