2 0.129296875 0.5023148148148148 0.10286458333333333 0.15833333333333333
2 0.3313802083333333 0.37800925925925927 0.09453125 0.16064814814814815
2 0.4451822916666667 0.6969907407407407 0.08151041666666667 0.16064814814814815
3 0.29986979166666666 0.8243055555555555 0.04765625 0.08287037037037037
5 0.7532552083333334 0.2111111111111111 0.04348958333333333 0.25925925925925924
6 0.48333333333333334 0.3891203703703704 0.11354166666666667 0.2726851851851852
4 0.09348958333333333 0.7724537037037037 0.08645833333333333 0.24583333333333332
7 0.6303385416666667 0.6930555555555555 0.15494791666666666 0.2351851851851852
8 0.18828125 0.7886574074074074 0.128125 0.13194444444444445
9 0.3067708333333333 0.5879629629629629 0.05520833333333333 0.09259259259259259
9 0.22513020833333333 0.2796296296296296 0.05911458333333333 0.08888888888888889
10 0.7979166666666667 0.47939814814814813 0.08177083333333333 0.12731481481481483
12 0.6091145833333333 0.3458333333333333 0.06927083333333334 0.13703703703703704
1 0.45651041666666664 0.13425925925925927 0.04635416666666667 0.08518518518518518
