12 0.17604166666666668 0.7784722222222222 0.0609375 0.12916666666666668
1 0.33828125 0.9314814814814815 0.046875 0.08518518518518518
2 0.4329427083333333 0.6847222222222222 0.08828125 0.16203703703703703
2 0.625390625 0.5173611111111112 0.08984375 0.15046296296296297
2 0.29986979166666666 0.4043981481481482 0.07890625 0.13935185185185187
3 0.434375 0.2375 0.044270833333333336 0.08055555555555556
4 0.6444010416666667 0.23078703703703704 0.09140625 0.2439814814814815
6 0.28463541666666664 0.7138888888888889 0.10208333333333333 0.27037037037037037
7 0.12174479166666667 0.4638888888888889 0.15026041666666667 0.24074074074074073
8 0.5384114583333334 0.2513888888888889 0.11953125 0.14907407407407408
9 0.4446614583333333 0.4759259259259259 0.05182291666666667 0.08703703703703704
9 0.5440104166666667 0.7520833333333333 0.049479166666666664 0.09398148148148149
