9 0.24596354166666667 0.5155092592592593 0.05651041666666667 0.09398148148148149
9 0.36666666666666664 0.7736111111111111 0.05520833333333333 0.09166666666666666
10 0.826953125 0.45439814814814816 0.08359375 0.11805555555555555
11 0.6084635416666667 0.18194444444444444 0.10911458333333333 0.27870370370370373
12 0.6243489583333334 0.40879629629629627 0.06015625 0.12962962962962962
1 0.44778645833333336 0.2743055555555556 0.047135416666666666 0.08194444444444444
2 0.5157552083333333 0.8185185185185185 0.06692708333333333 0.14722222222222223
2 0.36041666666666666 0.562037037037037 0.09375 0.1648148148148148
2 0.18515625 0.7696759259259259 0.09322916666666667 0.15416666666666667
5 0.7463541666666667 0.21666666666666667 0.06302083333333333 0.26481481481481484
6 0.51015625 0.5104166666666666 0.08385416666666666 0.26990740740740743
7 0.6954427083333333 0.7361111111111112 0.14505208333333333 0.26944444444444443
