12 0.5177083333333333 0.6090277777777777 0.06875 0.10324074074074074
1 0.481640625 0.29212962962962963 0.04296875 0.07685185185185185
2 0.28046875 0.6810185185185185 0.09166666666666666 0.1537037037037037
2 0.30690104166666665 0.32546296296296295 0.07421875 0.13518518518518519
2 0.11328125 0.18796296296296297 0.08958333333333333 0.14907407407407408
3 0.79296875 0.5682870370370371 0.046875 0.07916666666666666
3 0.13216145833333334 0.6106481481481482 0.047135416666666666 0.07592592592592592
5 0.6609375 0.6699074074074074 0.11145833333333334 0.20462962962962963
6 0.4114583333333333 0.5087962962962963 0.14791666666666667 0.18518518518518517
7 0.4119791666666667 0.8747685185185186 0.14375 0.14212962962962963
9 0.21627604166666667 0.45023148148148145 0.05703125 0.08194444444444444
9 0.262890625 0.13495370370370371 0.05182291666666667 0.09675925925925925
10 0.6032552083333333 0.9 0.06848958333333334 0.12685185185185185
11 0.6016927083333333 0.45231481481481484 0.15026041666666667 0.08611111111111111
