7 0.38046875 0.9097222222222222 0.14739583333333334 0.1712962962962963
6 0.408984375 0.5502314814814815 0.14765625 0.15601851851851853
8 0.06106770833333333 0.42962962962962964 0.12213541666666666 0.14629629629629629
9 0.22018229166666667 0.4409722222222222 0.055989583333333336 0.08101851851851852
9 0.2908854166666667 0.14328703703703705 0.05364583333333333 0.09490740740740741
11 0.6001302083333333 0.555787037037037 0.14921875 0.08194444444444444
12 0.5010416666666667 0.6641203703703704 0.075 0.11435185185185186
12 0.5055989583333333 0.674537037037037 0.06588541666666667 0.09351851851851851
1 0.494921875 0.35208333333333336 0.04244791666666667 0.07546296296296297
2 0.31888020833333336 0.34305555555555556 0.07942708333333333 0.14537037037037037
2 0.265625 0.6877314814814814 0.08958333333333333 0.1449074074074074
2 0.13841145833333332 0.1571759259259259 0.08307291666666666 0.14027777777777778
3 0.7791666666666667 0.7016203703703704 0.04895833333333333 0.08101851851851852
3 0.123828125 0.5777777777777777 0.046614583333333334 0.07592592592592592
5 0.6427083333333333 0.7699074074074074 0.11979166666666667 0.18611111111111112
