1 0.44583333333333336 0.053009259259259256 0.046875 0.08564814814814815
2 0.298046875 0.24722222222222223 0.09192708333333334 0.15555555555555556
2 0.084765625 0.30462962962962964 0.10703125 0.1648148148148148
2 0.376953125 0.6050925925925926 0.09088541666666666 0.16203703703703703
3 0.22122395833333333 0.6800925925925926 0.04869791666666667 0.08148148148148149
5 0.7283854166666667 0.2310185185185185 0.06770833333333333 0.25925925925925924
6 0.446875 0.31319444444444444 0.13229166666666667 0.2652777777777778
7 0.55703125 0.6525462962962963 0.1546875 0.20972222222222223
8 0.11015625 0.607175925925926 0.13489583333333333 0.11435185185185186
9 0.2513020833333333 0.4511574074074074 0.0546875 0.09305555555555556
9 0.203125 0.1175925925925926 0.059375 0.09444444444444444
10 0.742578125 0.5087962962962963 0.07473958333333333 0.13240740740740742
12 0.5739583333333333 0.31342592592592594 0.07291666666666667 0.1388888888888889
4 0.026822916666666665 0.562962962962963 0.05364583333333333 0.2462962962962963
11 0.6123697916666667 0.09814814814814815 0.14869791666666668 0.1962962962962963
