6 0.3990885416666667 0.5821759259259259 0.14140625 0.11712962962962963
8 0.08971354166666666 0.27199074074074076 0.10442708333333334 0.18472222222222223
9 0.23841145833333333 0.3731481481481482 0.05390625 0.08796296296296297
9 0.35833333333333334 0.13194444444444445 0.05416666666666667 0.08981481481481482
11 0.58046875 0.6974537037037037 0.14479166666666668 0.15046296296296297
12 0.46731770833333336 0.7537037037037037 0.06380208333333333 0.08518518518518518
1 0.51484375 0.44375 0.0421875 0.07546296296296297
2 0.35104166666666664 0.33773148148148147 0.08958333333333333 0.15601851851851853
2 0.23802083333333332 0.6305555555555555 0.08020833333333334 0.11851851851851852
3 0.121484375 0.4474537037037037 0.047135416666666666 0.07546296296296297
4 0.06002604166666667 0.09976851851851852 0.11848958333333333 0.19953703703703704
5 0.5798177083333333 0.9120370370370371 0.13151041666666666 0.14629629629629629
3 0.7192708333333333 0.93125 0.0453125 0.08287037037037037
