12 0.48190104166666664 0.47638888888888886 0.07317708333333334 0.10555555555555556
1 0.454296875 0.13842592592592592 0.046614583333333334 0.08796296296296297
2 0.23255208333333333 0.5303240740740741 0.0984375 0.15324074074074073
2 0.2701822916666667 0.15462962962962962 0.08411458333333334 0.1527777777777778
3 0.7744791666666667 0.46064814814814814 0.05 0.08148148148148149
5 0.6325520833333333 0.555787037037037 0.12135416666666667 0.20694444444444443
3 0.08098958333333334 0.44212962962962965 0.049479166666666664 0.08055555555555556
6 0.3734375 0.35555555555555557 0.1578125 0.18333333333333332
7 0.363671875 0.7442129629629629 0.15546875 0.15231481481481482
9 0.17252604166666666 0.2791666666666667 0.05963541666666667 0.08518518518518518
10 0.5630208333333333 0.7909722222222222 0.07239583333333334 0.12638888888888888
11 0.57578125 0.3229166666666667 0.15677083333333333 0.08842592592592592
