6 0.355859375 0.40532407407407406 0.15963541666666667 0.14953703703703702
7 0.31484375 0.7828703703703703 0.16302083333333334 0.18518518518518517
9 0.16432291666666668 0.2708333333333333 0.0609375 0.08981481481481482
10 0.5052083333333334 0.8791666666666667 0.06979166666666667 0.13055555555555556
11 0.5565104166666667 0.4386574074074074 0.1546875 0.09490740740740741
12 0.45286458333333335 0.5493055555555556 0.0703125 0.09027777777777778
1 0.45481770833333335 0.2101851851851852 0.046614583333333334 0.08333333333333333
2 0.20221354166666666 0.5337962962962963 0.09609375 0.14166666666666666
2 0.27005208333333336 0.17731481481481481 0.09010416666666667 0.15925925925925927
3 0.7393229166666667 0.6125 0.050520833333333334 0.08333333333333333
3 0.06015625 0.4050925925925926 0.051041666666666666 0.0787037037037037
5 0.5921875 0.6655092592592593 0.12864583333333332 0.17916666666666667
