9 0.40013020833333335 0.1962962962962963 0.05130208333333333 0.09537037037037037
9 0.23763020833333334 0.33402777777777776 0.054947916666666666 0.08842592592592592
11 0.48776041666666664 0.8597222222222223 0.1234375 0.2175925925925926
12 0.3692708333333333 0.8418981481481481 0.07083333333333333 0.11342592592592593
1 0.47877604166666665 0.5842592592592593 0.04296875 0.07777777777777778
2 0.348828125 0.3800925925925926 0.09036458333333333 0.14907407407407408
2 0.18216145833333333 0.5717592592592593 0.09036458333333333 0.13796296296296295
3 0.11276041666666667 0.32199074074074074 0.046875 0.0763888888888889
6 0.34088541666666666 0.6395833333333333 0.14947916666666666 0.19398148148148148
7 0.18893229166666667 0.8731481481481481 0.13463541666666667 0.2518518518518518
