7 0.467578125 0.8310185185185185 0.14609375 0.19166666666666668
6 0.37408854166666666 0.5020833333333333 0.13151041666666666 0.24768518518518517
5 0.6412760416666666 0.4516203703703704 0.06848958333333334 0.24212962962962964
3 0.736328125 0.25 0.04765625 0.08055555555555556
3 0.153515625 0.8164351851851852 0.047135416666666666 0.07824074074074074
2 0.30104166666666665 0.7631944444444444 0.09010416666666667 0.16157407407407406
2 0.23671875 0.4201388888888889 0.08697916666666666 0.1439814814814815
1 0.3848958333333333 0.25046296296296294 0.04583333333333333 0.0787037037037037
12 0.49635416666666665 0.5101851851851852 0.06875 0.1259259259259259
11 0.5372395833333333 0.30277777777777776 0.13958333333333334 0.18888888888888888
10 0.6473958333333333 0.7076388888888889 0.06666666666666667 0.12916666666666668
9 0.15026041666666667 0.28541666666666665 0.057291666666666664 0.08564814814814815
9 0.18697916666666667 0.6048611111111111 0.05364583333333333 0.09212962962962963
