9 0.46588541666666666 0.8611111111111112 0.04635416666666667 0.08611111111111111
9 0.301171875 0.8743055555555556 0.047135416666666666 0.0875
10 0.576171875 0.1175925925925926 0.06536458333333334 0.11388888888888889
11 0.3497395833333333 0.2569444444444444 0.08854166666666667 0.24537037037037038
12 0.4529947916666667 0.3486111111111111 0.06640625 0.12129629629629629
1 0.3098958333333333 0.5002314814814814 0.04375 0.07268518518518519
2 0.5609375 0.6986111111111111 0.08072916666666667 0.14814814814814814
2 0.3787760416666667 0.756712962962963 0.07369791666666667 0.12453703703703704
3 0.571484375 0.9490740740740741 0.038802083333333334 0.07222222222222222
5 0.4393229166666667 0.09976851851851852 0.12447916666666667 0.14212962962962963
6 0.4315104166666667 0.544675925925926 0.12291666666666666 0.2300925925925926
7 0.6174479166666667 0.4358796296296296 0.0796875 0.2439814814814815
