12 0.057291666666666664 0.6527777777777778 0.053125 0.11388888888888889
11 0.083203125 0.8414351851851852 0.09036458333333333 0.2337962962962963
9 0.39674479166666665 0.5451388888888888 0.047135416666666666 0.08564814814814815
9 0.2819010416666667 0.30787037037037035 0.053385416666666664 0.07777777777777778
8 0.3450520833333333 0.07708333333333334 0.1046875 0.15231481481481482
6 0.15130208333333334 0.5659722222222222 0.084375 0.2449074074074074
3 0.2545572916666667 0.08842592592592592 0.04609375 0.07962962962962963
2 0.44973958333333336 0.305787037037037 0.07864583333333333 0.13194444444444445
2 0.2884114583333333 0.5087962962962963 0.09036458333333333 0.14814814814814814
2 0.14166666666666666 0.274537037037037 0.07135416666666666 0.12222222222222222
1 0.22135416666666666 0.7618055555555555 0.0453125 0.07361111111111111
