12 0.3653645833333333 0.32592592592592595 0.0671875 0.10925925925925926
11 0.2518229166666667 0.2962962962962963 0.12135416666666667 0.2111111111111111
9 0.4783854166666667 0.8032407407407407 0.044270833333333336 0.08425925925925926
9 0.32526041666666666 0.9131944444444444 0.04479166666666667 0.0875
7 0.5365885416666667 0.30277777777777776 0.11119791666666666 0.24351851851851852
6 0.38203125 0.5226851851851851 0.1359375 0.18333333333333332
5 0.3028645833333333 0.09583333333333334 0.13020833333333334 0.06666666666666667
3 0.5954427083333333 0.8229166666666666 0.039322916666666666 0.0699074074074074
2 0.5361979166666667 0.5918981481481481 0.075 0.13287037037037036
2 0.37421875 0.75625 0.08020833333333334 0.1412037037037037
1 0.2609375 0.5564814814814815 0.043229166666666666 0.07037037037037037
