3 0.3302083333333333 0.06643518518518518 0.0421875 0.07546296296296297
4 0.5182291666666666 0.15833333333333333 0.05364583333333333 0.24074074074074073
6 0.12877604166666667 0.4289351851851852 0.12421875 0.23935185185185184
8 0.4212239583333333 0.12384259259259259 0.11484375 0.11898148148148148
9 0.35963541666666665 0.5828703703703704 0.049479166666666664 0.07777777777777778
9 0.3079427083333333 0.2884259259259259 0.05026041666666667 0.08611111111111111
2 0.2688802083333333 0.475462962962963 0.08307291666666666 0.13703703703703704
2 0.4608072916666667 0.4081018518518518 0.08098958333333334 0.14583333333333334
2 0.18424479166666666 0.1550925925925926 0.08619791666666667 0.15
1 0.15169270833333334 0.6546296296296297 0.04505208333333333 0.07037037037037037
