9 0.5092447916666667 0.8060185185185185 0.048177083333333336 0.0962962962962963
9 0.40182291666666664 0.5391203703703704 0.05416666666666667 0.0875
12 0.14322916666666666 0.868287037037037 0.0578125 0.12731481481481483
2 0.397265625 0.7518518518518519 0.08984375 0.1675925925925926
2 0.5811197916666667 0.5650462962962963 0.08411458333333334 0.14675925925925926
2 0.2546875 0.4840277777777778 0.07760416666666667 0.13287037037037036
3 0.38515625 0.30439814814814814 0.04635416666666667 0.07824074074074074
4 0.5911458333333334 0.2777777777777778 0.09635416666666667 0.2351851851851852
6 0.24973958333333332 0.7951388888888888 0.09791666666666667 0.274537037037037
7 0.080078125 0.5615740740740741 0.14921875 0.24444444444444444
