12 0.123046875 0.9189814814814815 0.05546875 0.12962962962962962
2 0.37083333333333335 0.7703703703703704 0.09270833333333334 0.16574074074074074
2 0.5447916666666667 0.5604166666666667 0.08177083333333333 0.1412037037037037
2 0.21666666666666667 0.5229166666666667 0.075 0.12731481481481483
3 0.3380208333333333 0.3266203703703704 0.046875 0.07824074074074074
4 0.5419270833333333 0.2738425925925926 0.103125 0.2273148148148148
6 0.22486979166666668 0.8324074074074074 0.09036458333333333 0.2740740740740741
8 0.43723958333333335 0.32037037037037036 0.11197916666666667 0.16111111111111112
9 0.36549479166666665 0.5597222222222222 0.054947916666666666 0.08518518518518518
9 0.484375 0.8113425925925926 0.0484375 0.09861111111111111
