12 0.16263020833333333 0.8101851851851852 0.05963541666666667 0.12962962962962962
1 0.32578125 0.9594907407407407 0.04583333333333333 0.07916666666666666
2 0.4205729166666667 0.7173611111111111 0.0890625 0.16342592592592592
2 0.6114583333333333 0.5462962962962963 0.08854166666666667 0.15
2 0.2859375 0.4354166666666667 0.07916666666666666 0.13935185185185187
3 0.42018229166666665 0.2675925925925926 0.04609375 0.08148148148148149
4 0.6307291666666667 0.2601851851851852 0.0921875 0.24444444444444444
6 0.271875 0.7467592592592592 0.10260416666666666 0.2740740740740741
7 0.10846354166666666 0.49699074074074073 0.15286458333333333 0.24027777777777778
8 0.5239583333333333 0.2831018518518518 0.11822916666666666 0.14953703703703702
9 0.43125 0.5048611111111111 0.05260416666666667 0.0912037037037037
9 0.5315104166666667 0.7835648148148148 0.050520833333333334 0.09490740740740741
