1 0.3123697916666667 0.4960648148148148 0.04192708333333333 0.0699074074074074
2 0.5622395833333333 0.7016203703703704 0.07916666666666666 0.1476851851851852
3 0.5701822916666667 0.9520833333333333 0.038802083333333334 0.07268518518518519
5 0.4466145833333333 0.09976851851851852 0.1234375 0.1449074074074074
6 0.43450520833333334 0.5453703703703704 0.12057291666666667 0.22870370370370371
7 0.62109375 0.44166666666666665 0.07708333333333334 0.23981481481481481
9 0.30026041666666664 0.8696759259259259 0.04739583333333333 0.08657407407407407
9 0.46536458333333336 0.8613425925925926 0.04583333333333333 0.08657407407407407
10 0.5834635416666667 0.12291666666666666 0.06484375 0.11064814814814815
2 0.37942708333333336 0.7543981481481481 0.07135416666666666 0.12175925925925926
11 0.35520833333333335 0.25439814814814815 0.0859375 0.24675925925925926
12 0.458203125 0.3506944444444444 0.062239583333333334 0.11805555555555555
