3 0.734375 0.20856481481481481 0.04739583333333333 0.08009259259259259
3 0.162109375 0.812037037037037 0.047135416666666666 0.07685185185185185
2 0.23723958333333334 0.4113425925925926 0.08802083333333334 0.14675925925925926
2 0.30963541666666666 0.7502314814814814 0.0890625 0.16064814814814815
5 0.6428385416666667 0.41458333333333336 0.06380208333333333 0.23935185185185184
6 0.47760416666666666 0.8090277777777778 0.146875 0.19398148148148148
6 0.37669270833333335 0.4824074074074074 0.12890625 0.24814814814814815
9 0.191015625 0.5981481481481481 0.053385416666666664 0.09074074074074075
9 0.14817708333333332 0.28032407407407406 0.0578125 0.08564814814814815
10 0.6545572916666667 0.6722222222222223 0.06692708333333333 0.1287037037037037
11 0.5360677083333333 0.27199074074074076 0.13828125 0.19675925925925927
12 0.49895833333333334 0.4837962962962963 0.06875 0.12777777777777777
1 0.3815104166666667 0.23171296296296295 0.0453125 0.07916666666666666
