5 0.64609375 0.5497685185185185 0.08385416666666666 0.23194444444444445
6 0.37838541666666664 0.5314814814814814 0.140625 0.23148148148148148
7 0.441796875 0.8814814814814815 0.14557291666666666 0.16203703703703703
3 0.7559895833333333 0.38078703703703703 0.04791666666666667 0.07824074074074074
3 0.13255208333333332 0.7800925925925926 0.04791666666666667 0.07777777777777778
2 0.28424479166666666 0.76875 0.09296875 0.16342592592592592
2 0.24791666666666667 0.41388888888888886 0.08020833333333334 0.13425925925925927
1 0.40911458333333334 0.28564814814814815 0.044270833333333336 0.0787037037037037
12 0.498046875 0.5694444444444444 0.07005208333333333 0.12314814814814815
11 0.554296875 0.3752314814814815 0.14557291666666666 0.15694444444444444
10 0.6307291666666667 0.8046296296296296 0.065625 0.13240740740740742
9 0.18372395833333333 0.5814814814814815 0.054427083333333334 0.09074074074074075
9 0.17369791666666667 0.25625 0.05625 0.09027777777777778
