12 0.40872395833333336 0.694675925925926 0.06953125 0.07731481481481481
1 0.4328125 0.36180555555555555 0.0453125 0.07824074074074074
2 0.163671875 0.6266203703703703 0.09244791666666667 0.13564814814814816
2 0.25286458333333334 0.2935185185185185 0.09375 0.16666666666666666
3 0.684375 0.8168981481481481 0.046875 0.08935185185185185
3 0.031119791666666667 0.46782407407407406 0.05026041666666667 0.07916666666666666
5 0.5369791666666667 0.8391203703703703 0.12864583333333332 0.16620370370370371
6 0.3223958333333333 0.5368055555555555 0.1546875 0.12453703703703704
7 0.25559895833333335 0.8949074074074074 0.15755208333333334 0.20833333333333334
9 0.14270833333333333 0.3611111111111111 0.059375 0.09074074074074075
9 0.24427083333333333 0.07777777777777778 0.059375 0.09351851851851851
11 0.5182291666666666 0.6076388888888888 0.15260416666666668 0.12361111111111112
