9 0.5563802083333333 0.7099537037037037 0.047135416666666666 0.09768518518518518
9 0.5864583333333333 0.3837962962962963 0.0515625 0.09166666666666666
8 0.7509114583333333 0.32013888888888886 0.13151041666666666 0.13287037037037036
11 0.192578125 0.4699074074074074 0.15911458333333334 0.11851851851851852
12 0.26223958333333336 0.2914351851851852 0.078125 0.11805555555555555
1 0.3299479166666667 0.6030092592592593 0.04739583333333333 0.08009259259259259
2 0.70703125 0.6296296296296297 0.08958333333333333 0.16111111111111112
2 0.4979166666666667 0.5303240740740741 0.06458333333333334 0.1310185185185185
2 0.5029947916666667 0.15462962962962962 0.08984375 0.17037037037037037
3 0.66875 0.19027777777777777 0.04791666666666667 0.08425925925925926
4 0.8303385416666667 0.4351851851851852 0.06901041666666667 0.25555555555555554
5 0.11783854166666667 0.2625 0.10598958333333333 0.22870370370370371
6 0.37421875 0.3731481481481482 0.15208333333333332 0.21388888888888888
