12 0.539453125 0.38773148148148145 0.04921875 0.10972222222222222
1 0.385546875 0.2701388888888889 0.04192708333333333 0.07083333333333333
2 0.15611979166666667 0.7108796296296296 0.08411458333333334 0.12546296296296297
2 0.311328125 0.5219907407407407 0.08463541666666667 0.1412037037037037
2 0.4485677083333333 0.7416666666666667 0.05859375 0.12407407407407407
3 0.3424479166666667 0.905787037037037 0.03958333333333333 0.0699074074074074
5 0.6421875 0.2196759259259259 0.051041666666666666 0.22824074074074074
6 0.441015625 0.47430555555555554 0.07213541666666666 0.23287037037037037
7 0.6 0.6680555555555555 0.11875 0.22870370370370371
8 0.24544270833333334 0.9215277777777777 0.10390625 0.1375
9 0.317578125 0.7071759259259259 0.04921875 0.07824074074074074
9 0.20950520833333333 0.48032407407407407 0.048177083333333336 0.0837962962962963
10 0.711328125 0.42476851851851855 0.06848958333333334 0.10324074074074074
11 0.5240885416666666 0.18888888888888888 0.09036458333333333 0.23981481481481481
