2 0.3390625 0.33935185185185185 0.08802083333333334 0.1537037037037037
2 0.18216145833333333 0.09050925925925926 0.07630208333333334 0.13842592592592592
2 0.2453125 0.6537037037037037 0.08541666666666667 0.12962962962962962
1 0.50859375 0.4134259259259259 0.041666666666666664 0.075
3 0.7442708333333333 0.8578703703703704 0.04479166666666667 0.08055555555555556
3 0.11888020833333333 0.4960648148148148 0.047135416666666666 0.07546296296296297
5 0.6029947916666667 0.8738425925925926 0.12734375 0.15416666666666667
6 0.4016927083333333 0.5747685185185185 0.14348958333333334 0.11435185185185186
8 0.07513020833333334 0.3284722222222222 0.11119791666666666 0.1726851851851852
9 0.22981770833333334 0.39837962962962964 0.054427083333333334 0.08564814814814815
9 0.33359375 0.13425925925925927 0.05416666666666667 0.09074074074074075
11 0.5884114583333333 0.6532407407407408 0.14765625 0.12314814814814815
12 0.48125 0.731712962962963 0.06302083333333333 0.07453703703703704
