1 0.22669270833333333 0.55625 0.04453125 0.07268518518518519
2 0.37981770833333334 0.643287037037037 0.07942708333333333 0.1476851851851852
2 0.5138020833333333 0.8831018518518519 0.06302083333333333 0.13564814814814816
2 0.48046875 0.3599537037037037 0.06822916666666666 0.11435185185185186
3 0.5966145833333333 0.5224537037037037 0.04010416666666667 0.07268518518518519
4 0.6537760416666667 0.8379629629629629 0.10338541666666666 0.18888888888888888
5 0.143359375 0.10555555555555556 0.13098958333333333 0.1361111111111111
6 0.322265625 0.4217592592592593 0.13776041666666666 0.09444444444444444
8 0.6178385416666666 0.6886574074074074 0.09244791666666667 0.17083333333333334
9 0.37916666666666665 0.825462962962963 0.0484375 0.08333333333333333
9 0.4864583333333333 0.6016203703703704 0.04479166666666667 0.08564814814814815
11 0.151171875 0.3229166666666667 0.14609375 0.1300925925925926
12 0.25390625 0.2599537037037037 0.0671875 0.07824074074074074
