1 0.38046875 0.2337962962962963 0.04479166666666667 0.08055555555555556
2 0.309765625 0.7520833333333333 0.08880208333333334 0.1597222222222222
2 0.23671875 0.4136574074074074 0.0875 0.14583333333333334
3 0.73359375 0.20694444444444443 0.046875 0.08148148148148149
3 0.162890625 0.8141203703703703 0.047135416666666666 0.07731481481481481
5 0.64296875 0.41412037037037036 0.06197916666666667 0.24212962962962964
6 0.37669270833333335 0.4826388888888889 0.12942708333333333 0.24861111111111112
7 0.47734375 0.8111111111111111 0.146875 0.18981481481481483
9 0.14778645833333334 0.2831018518518518 0.05807291666666667 0.0837962962962963
9 0.19153645833333333 0.6013888888888889 0.053385416666666664 0.09166666666666666
10 0.6544270833333333 0.6703703703703704 0.06666666666666667 0.12685185185185185
11 0.5350260416666667 0.2726851851851852 0.13723958333333333 0.19907407407407407
12 0.49895833333333334 0.4847222222222222 0.06822916666666666 0.1259259259259259
