1 0.4571614583333333 0.16782407407407407 0.046614583333333334 0.08472222222222223
2 0.46432291666666664 0.7282407407407407 0.078125 0.15925925925925927
2 0.3391927083333333 0.4201388888888889 0.09505208333333333 0.16435185185185186
2 0.14348958333333334 0.5671296296296297 0.10260416666666666 0.15462962962962962
3 0.3234375 0.867824074074074 0.046875 0.08287037037037037
4 0.11653645833333333 0.8398148148148148 0.09036458333333333 0.24259259259259258
5 0.7559895833333333 0.21435185185185185 0.0375 0.2601851851851852
6 0.49296875 0.41944444444444445 0.10677083333333333 0.27685185185185185
7 0.6502604166666667 0.7064814814814815 0.15208333333333332 0.24259259259259258
8 0.21145833333333333 0.844212962962963 0.12604166666666666 0.1375
9 0.323046875 0.6351851851851852 0.05703125 0.09444444444444444
9 0.23216145833333332 0.3349537037037037 0.05807291666666667 0.08935185185185185
10 0.8098958333333334 0.47708333333333336 0.08177083333333333 0.12546296296296297
11 0.625 0.12986111111111112 0.12916666666666668 0.25972222222222224
12 0.6171875 0.36226851851851855 0.06666666666666667 0.13657407407407407
