5 0.660546875 0.43148148148148147 0.10546875 0.2324074074074074
6 0.386328125 0.32407407407407407 0.15286458333333333 0.2212962962962963
7 0.418359375 0.7078703703703704 0.14765625 0.12222222222222222
3 0.791796875 0.2877314814814815 0.05026041666666667 0.08564814814814815
3 0.11197916666666667 0.5138888888888888 0.04895833333333333 0.07777777777777778
2 0.2674479166666667 0.5465277777777777 0.09791666666666667 0.1587962962962963
2 0.2635416666666667 0.16782407407407407 0.07083333333333333 0.13472222222222222
2 0.05559895833333333 0.08101851851851852 0.10130208333333333 0.16203703703703703
1 0.4420572916666667 0.08472222222222223 0.047135416666666666 0.08611111111111111
12 0.5059895833333333 0.40694444444444444 0.075 0.12037037037037036
11 0.5821614583333333 0.21944444444444444 0.15703125 0.13425925925925927
10 0.61953125 0.6875 0.07083333333333333 0.13055555555555556
9 0.18255208333333334 0.32337962962962963 0.0578125 0.08935185185185185
