7 0.6631510416666667 0.5555555555555556 0.07317708333333334 0.2388888888888889
6 0.4686197916666667 0.5488425925925926 0.09401041666666667 0.2412037037037037
5 0.5604166666666667 0.13564814814814816 0.10625 0.19166666666666668
2 0.558984375 0.7650462962962963 0.07526041666666666 0.14583333333333334
2 0.3768229166666667 0.7108796296296296 0.07135416666666666 0.12268518518518519
1 0.3609375 0.430787037037037 0.041666666666666664 0.07083333333333333
12 0.524609375 0.37592592592592594 0.05390625 0.11574074074074074
11 0.44427083333333334 0.2324074074074074 0.0453125 0.25092592592592594
10 0.6826822916666667 0.23726851851851852 0.06432291666666666 0.11805555555555555
9 0.438671875 0.8590277777777777 0.04348958333333333 0.09027777777777778
9 0.28098958333333335 0.7763888888888889 0.04895833333333333 0.0824074074074074
