3 0.344921875 0.05648148148148148 0.04348958333333333 0.08055555555555556
4 0.52890625 0.17152777777777778 0.04583333333333333 0.23935185185185184
6 0.128515625 0.3912037037037037 0.12994791666666666 0.23796296296296296
8 0.43411458333333336 0.12476851851851851 0.115625 0.11157407407407408
9 0.3536458333333333 0.5747685185185185 0.05 0.07916666666666666
9 0.31354166666666666 0.2740740740740741 0.049479166666666664 0.08796296296296297
1 0.14231770833333332 0.6189814814814815 0.045572916666666664 0.07407407407407407
2 0.26796875 0.45532407407407405 0.08333333333333333 0.13935185185185187
2 0.462109375 0.4134259259259259 0.08255208333333333 0.14814814814814814
2 0.19479166666666667 0.1259259259259259 0.0890625 0.15462962962962962
