10 0.08125 0.12060185185185185 0.07760416666666667 0.13287037037037036
11 0.16627604166666668 0.5576388888888889 0.15078125 0.15787037037037038
12 0.216015625 0.36018518518518516 0.07682291666666667 0.12685185185185185
1 0.315625 0.6446759259259259 0.04791666666666667 0.07824074074074074
2 0.68671875 0.5425925925925926 0.09322916666666667 0.16296296296296298
2 0.47161458333333334 0.5173611111111112 0.07239583333333334 0.13564814814814816
2 0.43515625 0.14699074074074073 0.09114583333333333 0.1736111111111111
3 0.60234375 0.12453703703703704 0.04635416666666667 0.08518518518518518
4 0.7872395833333333 0.30949074074074073 0.044270833333333336 0.2550925925925926
5 0.075 0.38287037037037036 0.08645833333333333 0.2361111111111111
6 0.33255208333333336 0.40347222222222223 0.14739583333333334 0.23842592592592593
8 0.6977864583333333 0.22685185185185186 0.13046875 0.11481481481481481
9 0.5475260416666666 0.6731481481481482 0.05026041666666667 0.09537037037037037
9 0.5415364583333333 0.34421296296296294 0.04921875 0.09305555555555556
