9 0.29856770833333335 0.8537037037037037 0.048177083333333336 0.08611111111111111
9 0.46328125 0.861574074074074 0.0453125 0.08796296296296297
10 0.6037760416666667 0.13819444444444445 0.06640625 0.11527777777777778
11 0.3723958333333333 0.24768518518518517 0.0796875 0.2490740740740741
12 0.47265625 0.3523148148148148 0.06197916666666667 0.11944444444444445
1 0.32278645833333336 0.4828703703703704 0.04192708333333333 0.06944444444444445
2 0.38125 0.7453703703703703 0.07135416666666666 0.11944444444444445
2 0.565234375 0.7129629629629629 0.07994791666666666 0.14722222222222223
3 0.5643229166666667 0.9592592592592593 0.0390625 0.07222222222222222
5 0.4688802083333333 0.10300925925925926 0.12057291666666667 0.1550925925925926
6 0.442578125 0.5449074074074074 0.11640625 0.22870370370370371
7 0.6322916666666667 0.4587962962962963 0.07239583333333334 0.2388888888888889
