5 0.08294270833333334 0.33287037037037037 0.09348958333333333 0.23425925925925925
6 0.34231770833333336 0.38125 0.14973958333333334 0.23194444444444445
8 0.7118489583333333 0.24606481481481482 0.13046875 0.12083333333333333
9 0.5522135416666667 0.34675925925925927 0.05026041666666667 0.09351851851851851
11 0.16888020833333334 0.5189814814814815 0.15286458333333333 0.14537037037037037
12 0.22591145833333334 0.3261574074074074 0.07682291666666667 0.12175925925925926
1 0.31549479166666666 0.6210648148148148 0.04765625 0.07916666666666666
2 0.6901041666666666 0.5601851851851852 0.09270833333333334 0.16111111111111112
3 0.6204427083333334 0.13310185185185186 0.047135416666666666 0.08564814814814815
4 0.7983072916666667 0.34050925925925923 0.05234375 0.25324074074074077
9 0.546484375 0.6756944444444445 0.04921875 0.09583333333333334
2 0.47630208333333335 0.5113425925925926 0.06875 0.13564814814814816
2 0.453125 0.13703703703703704 0.090625 0.17314814814814813
10 0.09817708333333333 0.07222222222222222 0.078125 0.13518518518518519
