9 0.17526041666666667 0.3090277777777778 0.058333333333333334 0.0875
10 0.5940104166666667 0.7356481481481482 0.071875 0.12962962962962962
11 0.5774739583333334 0.26458333333333334 0.15598958333333332 0.11435185185185186
12 0.4942708333333333 0.44050925925925927 0.075 0.11435185185185186
1 0.4446614583333333 0.10902777777777778 0.046614583333333334 0.08564814814814815
2 0.25052083333333336 0.544675925925926 0.09791666666666667 0.15694444444444444
2 0.26276041666666666 0.16620370370370371 0.07604166666666666 0.14074074074074075
3 0.7833333333333333 0.36180555555555555 0.049479166666666664 0.08287037037037037
3 0.09609375 0.48935185185185187 0.0484375 0.07685185185185185
5 0.647265625 0.48703703703703705 0.11276041666666667 0.225
6 0.3782552083333333 0.3418981481481482 0.15755208333333334 0.20601851851851852
7 0.3938802083333333 0.7305555555555555 0.14921875 0.12129629629629629
