5 0.6029947916666667 0.6465277777777778 0.12890625 0.18935185185185185
7 0.32526041666666666 0.7729166666666667 0.16302083333333334 0.18101851851851852
9 0.16848958333333333 0.2659722222222222 0.06145833333333333 0.08935185185185185
10 0.5178385416666667 0.8629629629629629 0.07213541666666666 0.13055555555555556
11 0.5641927083333333 0.4199074074074074 0.15598958333333332 0.08888888888888889
12 0.46236979166666664 0.5351851851851852 0.06953125 0.09444444444444444
1 0.4588541666666667 0.19467592592592592 0.04479166666666667 0.08472222222222223
2 0.209765625 0.5287037037037037 0.09661458333333334 0.14537037037037037
2 0.27395833333333336 0.16527777777777777 0.09010416666666667 0.15555555555555556
3 0.06640625 0.4046296296296296 0.050520833333333334 0.0787037037037037
6 0.36223958333333334 0.39282407407407405 0.159375 0.15416666666666667
3 0.7493489583333334 0.586574074074074 0.04973958333333333 0.08333333333333333
