9 0.47630208333333335 0.7733796296296296 0.044270833333333336 0.08657407407407407
9 0.327734375 0.9043981481481481 0.047135416666666666 0.0875
11 0.22994791666666667 0.29583333333333334 0.12708333333333333 0.20462962962962963
12 0.34296875 0.30833333333333335 0.06875 0.10462962962962963
1 0.24934895833333334 0.5541666666666667 0.04609375 0.07314814814814814
2 0.3704427083333333 0.7393518518518518 0.08411458333333334 0.14629629629629629
2 0.5247395833333334 0.5539351851851851 0.0734375 0.12824074074074074
3 0.5944010416666666 0.7759259259259259 0.040364583333333336 0.07407407407407407
5 0.273046875 0.09212962962962963 0.13203125 0.05648148148148148
6 0.367578125 0.5060185185185185 0.13828125 0.17592592592592593
7 0.5134114583333333 0.2650462962962963 0.11692708333333333 0.2412037037037037
