6 0.35638020833333334 0.3685185185185185 0.15078125 0.2222222222222222
8 0.73046875 0.27685185185185185 0.13072916666666667 0.12962962962962962
9 0.5678385416666667 0.35810185185185184 0.05182291666666667 0.09305555555555556
9 0.5490885416666667 0.6865740740740741 0.04765625 0.09722222222222222
11 0.178515625 0.4863425925925926 0.15703125 0.1310185185185185
12 0.24192708333333332 0.3002314814814815 0.078125 0.12268518518518519
1 0.32057291666666665 0.6048611111111111 0.04739583333333333 0.08101851851851852
2 0.696875 0.5886574074074075 0.09166666666666666 0.1625
2 0.48528645833333334 0.5145833333333333 0.06536458333333334 0.12916666666666668
2 0.47630208333333335 0.13796296296296295 0.090625 0.17314814814814813
3 0.6438802083333334 0.15694444444444444 0.04765625 0.08333333333333333
4 0.8126302083333333 0.38449074074074074 0.062239583333333334 0.2513888888888889
5 0.098046875 0.2877314814814815 0.09869791666666666 0.2310185185185185
