8 0.062239583333333334 0.4101851851851852 0.1203125 0.15185185185185185
9 0.22135416666666666 0.4326388888888889 0.05625 0.0837962962962963
9 0.29934895833333336 0.14097222222222222 0.054427083333333334 0.09305555555555556
12 0.5001302083333333 0.6891203703703703 0.06536458333333334 0.08657407407407407
1 0.49778645833333335 0.3662037037037037 0.04244791666666667 0.07592592592592592
2 0.323046875 0.34305555555555556 0.08307291666666666 0.14814814814814814
2 0.14635416666666667 0.14166666666666666 0.08125 0.13703703703703704
2 0.26028645833333336 0.6814814814814815 0.08932291666666667 0.1425925925925926
3 0.7725260416666667 0.7377314814814815 0.046614583333333334 0.07916666666666666
3 0.121484375 0.562037037037037 0.047135416666666666 0.07685185185185185
5 0.6346354166666667 0.7956018518518518 0.12239583333333333 0.17731481481481481
6 0.4063802083333333 0.55625 0.14713541666666666 0.14953703703703702
7 0.3684895833333333 0.9125 0.1484375 0.17314814814814813
