12 0.471875 0.4979166666666667 0.0625 0.12916666666666668
11 0.4856770833333333 0.28194444444444444 0.12291666666666666 0.22777777777777777
10 0.6462239583333333 0.6263888888888889 0.07057291666666667 0.12407407407407407
9 0.10963541666666667 0.42800925925925926 0.0578125 0.08194444444444444
9 0.187109375 0.7203703703703703 0.05546875 0.09166666666666666
8 0.07682291666666667 0.9083333333333333 0.121875 0.1287037037037037
7 0.48880208333333336 0.8236111111111111 0.14166666666666666 0.22962962962962963
6 0.35234375 0.5423611111111111 0.1125 0.2587962962962963
5 0.6049479166666667 0.37939814814814815 0.03697916666666667 0.23842592592592593
3 0.6703125 0.1449074074074074 0.046875 0.08425925925925926
3 0.1828125 0.9381944444444444 0.0453125 0.07916666666666666
1 0.3299479166666667 0.2953703703703704 0.04635416666666667 0.07777777777777778
2 0.20989583333333334 0.5219907407407407 0.09375 0.15416666666666667
2 0.31953125 0.8256944444444444 0.08385416666666666 0.15324074074074073
