7 0.4783854166666667 0.6645833333333333 0.153125 0.16064814814814815
6 0.40859375 0.29212962962962963 0.1453125 0.24814814814814815
9 0.20559895833333333 0.3613425925925926 0.05651041666666667 0.09398148148148149
10 0.676171875 0.5824074074074074 0.07057291666666667 0.12962962962962962
11 0.59296875 0.12523148148148147 0.15520833333333334 0.18194444444444444
12 0.5334635416666667 0.3384259259259259 0.07421875 0.13148148148148148
2 0.3123697916666667 0.5541666666666667 0.09661458333333334 0.16111111111111112
2 0.2703125 0.17731481481481481 0.0828125 0.14351851851851852
2 0.05651041666666667 0.16018518518518518 0.10520833333333333 0.16944444444444445
3 0.15390625 0.5747685185185185 0.04895833333333333 0.07916666666666666
3 0.8076822916666667 0.12361111111111112 0.05078125 0.08888888888888889
5 0.6919270833333333 0.30949074074074073 0.09010416666666667 0.2523148148148148
