4 0.5229166666666667 0.1675925925925926 0.05 0.23796296296296296
6 0.128125 0.41550925925925924 0.12552083333333333 0.2375
8 0.42747395833333335 0.12939814814814815 0.11484375 0.11527777777777778
9 0.310546875 0.28587962962962965 0.04869791666666667 0.0837962962962963
9 0.3572916666666667 0.5817129629629629 0.05 0.07824074074074074
1 0.14752604166666666 0.6418981481481482 0.04505208333333333 0.07083333333333333
2 0.26927083333333335 0.46944444444444444 0.08229166666666667 0.13703703703703704
2 0.461328125 0.41412037037037036 0.08203125 0.14675925925925926
2 0.18984375 0.14583333333333334 0.08697916666666666 0.15092592592592594
3 0.33684895833333334 0.06412037037037037 0.04244791666666667 0.07731481481481481
