6 0.367578125 0.6293981481481481 0.14765625 0.16898148148148148
3 0.1203125 0.36574074074074076 0.04739583333333333 0.075
8 0.116015625 0.18055555555555555 0.08411458333333334 0.2074074074074074
2 0.20611979166666666 0.5972222222222222 0.08619791666666667 0.12685185185185185
2 0.357421875 0.3701388888888889 0.08984375 0.15231481481481482
1 0.5 0.5451388888888888 0.0421875 0.07546296296296297
12 0.40911458333333334 0.8229166666666666 0.06875 0.10601851851851851
11 0.52734375 0.8159722222222222 0.13229166666666667 0.19768518518518519
9 0.3953125 0.17662037037037037 0.05260416666666667 0.09212962962962963
9 0.24388020833333332 0.34930555555555554 0.053385416666666664 0.08842592592592592
