12 0.39140625 0.4710648148148148 0.06666666666666667 0.09027777777777778
11 0.2747395833333333 0.5194444444444445 0.1515625 0.15925925925925927
10 0.3953125 0.12546296296296297 0.07135416666666666 0.13796296296296295
9 0.616796875 0.8784722222222222 0.048177083333333336 0.10046296296296296
7 0.5602864583333333 0.32083333333333336 0.14713541666666666 0.22962962962962963
6 0.45338541666666665 0.656712962962963 0.14270833333333333 0.13194444444444445
5 0.2794270833333333 0.28726851851851853 0.14010416666666667 0.12175925925925926
3 0.13841145833333332 0.2638888888888889 0.04869791666666667 0.08055555555555556
3 0.744921875 0.8134259259259259 0.047135416666666666 0.08425925925925926
2 0.6266927083333333 0.6162037037037037 0.07473958333333333 0.11944444444444445
2 0.49856770833333336 0.9048611111111111 0.08671875 0.17083333333333334
1 0.3397135416666667 0.7780092592592592 0.047135416666666666 0.08287037037037037
