12 0.3209635416666667 0.8476851851851852 0.07109375 0.11944444444444445
1 0.4479166666666667 0.6208333333333333 0.0421875 0.07777777777777778
2 0.33541666666666664 0.3875 0.08958333333333333 0.14166666666666666
2 0.15625 0.5370370370370371 0.09375 0.1425925925925926
3 0.105078125 0.2722222222222222 0.04765625 0.07685185185185185
6 0.30755208333333334 0.6449074074074074 0.15 0.21481481481481482
7 0.14075520833333333 0.8416666666666667 0.12682291666666667 0.2638888888888889
9 0.22786458333333334 0.3159722222222222 0.05572916666666667 0.08472222222222223
9 0.39921875 0.21944444444444444 0.04895833333333333 0.09444444444444444
11 0.4375 0.8886574074074074 0.1109375 0.22083333333333333
