1 0.32473958333333336 0.8231481481481482 0.04583333333333333 0.08055555555555556
2 0.44427083333333334 0.6097222222222223 0.08385416666666666 0.1574074074074074
2 0.6513020833333333 0.500462962962963 0.09322916666666667 0.16203703703703703
2 0.3399739583333333 0.28587962962962965 0.08515625 0.15416666666666667
3 0.48880208333333336 0.16412037037037036 0.04375 0.0837962962962963
4 0.70078125 0.22037037037037038 0.0734375 0.25277777777777777
5 0.055078125 0.725462962962963 0.045572916666666664 0.23703703703703705
6 0.29348958333333336 0.5879629629629629 0.12135416666666667 0.2638888888888889
7 0.15677083333333333 0.28541666666666665 0.16041666666666668 0.22083333333333333
8 0.5958333333333333 0.20462962962962963 0.12708333333333333 0.13333333333333333
9 0.4759114583333333 0.4027777777777778 0.05026041666666667 0.09166666666666666
9 0.5475260416666666 0.7083333333333334 0.05078125 0.09074074074074075
11 0.16770833333333332 0.8289351851851852 0.12604166666666666 0.2162037037037037
12 0.17838541666666666 0.6194444444444445 0.06770833333333333 0.1287037037037037
