2 0.6184895833333334 0.6611111111111111 0.07447916666666667 0.12314814814814815
3 0.7287760416666667 0.8673611111111111 0.047135416666666666 0.08657407407407407
3 0.14283854166666668 0.2652777777777778 0.04869791666666667 0.08055555555555556
1 0.32864583333333336 0.7958333333333333 0.04739583333333333 0.0824074074074074
5 0.2833333333333333 0.3025462962962963 0.14166666666666666 0.11064814814814815
6 0.44453125 0.6770833333333334 0.1453125 0.16064814814814815
7 0.5608072916666667 0.36365740740740743 0.14453125 0.23287037037037037
10 0.40286458333333336 0.15208333333333332 0.06927083333333334 0.13842592592592592
9 0.60078125 0.9201388888888888 0.046875 0.10231481481481482
11 0.27109375 0.5340277777777778 0.15 0.16805555555555557
12 0.38828125 0.49537037037037035 0.06770833333333333 0.09166666666666666
