9 0.4395833333333333 0.8532407407407407 0.043229166666666666 0.09074074074074075
9 0.2825520833333333 0.7675925925925926 0.05 0.08055555555555556
7 0.6657552083333333 0.5539351851851851 0.07369791666666667 0.2412037037037037
6 0.470703125 0.5432870370370371 0.09401041666666667 0.23935185185185184
5 0.5649739583333333 0.13194444444444445 0.10442708333333334 0.18796296296296297
2 0.37890625 0.7050925925925926 0.071875 0.12314814814814815
2 0.5606770833333333 0.7608796296296296 0.075 0.14675925925925926
1 0.36419270833333334 0.42407407407407405 0.04140625 0.06944444444444445
12 0.5282552083333333 0.37245370370370373 0.053385416666666664 0.11898148148148148
11 0.4484375 0.22800925925925927 0.04375 0.25046296296296294
10 0.68671875 0.2337962962962963 0.06302083333333333 0.11851851851851852
