1 0.2203125 0.74375 0.044270833333333336 0.07268518518518519
2 0.455078125 0.2972222222222222 0.07942708333333333 0.13240740740740742
2 0.2908854166666667 0.4928240740740741 0.09010416666666667 0.14675925925925926
2 0.14713541666666666 0.25254629629629627 0.071875 0.12361111111111112
3 0.26171875 0.07060185185185185 0.044270833333333336 0.07916666666666666
6 0.15286458333333333 0.544212962962963 0.0859375 0.2439814814814815
9 0.3984375 0.5340277777777778 0.046875 0.08564814814814815
9 0.28684895833333335 0.2923611111111111 0.05286458333333333 0.07916666666666666
11 0.080859375 0.8180555555555555 0.09244791666666667 0.23333333333333334
12 0.05768229166666667 0.6282407407407408 0.05390625 0.11296296296296296
