2 0.5020833333333333 0.5423611111111111 0.06614583333333333 0.13564814814814816
2 0.708984375 0.6518518518518519 0.08932291666666667 0.15555555555555556
2 0.5135416666666667 0.16782407407407407 0.090625 0.17453703703703705
3 0.6790364583333334 0.21180555555555555 0.04765625 0.08194444444444444
4 0.8361979166666667 0.4664351851851852 0.07239583333333334 0.2523148148148148
5 0.12565104166666666 0.25439814814814815 0.10859375 0.22268518518518518
6 0.38111979166666665 0.37754629629629627 0.15182291666666667 0.20416666666666666
8 0.7584635416666666 0.34675925925925927 0.13098958333333333 0.13333333333333333
9 0.5923177083333333 0.4013888888888889 0.053385416666666664 0.08981481481481482
9 0.5576822916666667 0.7247685185185185 0.045572916666666664 0.09768518518518518
11 0.19791666666666666 0.46597222222222223 0.15833333333333333 0.11064814814814815
12 0.2703125 0.2900462962962963 0.07604166666666666 0.11342592592592593
1 0.33229166666666665 0.60625 0.04583333333333333 0.0763888888888889
