12 0.056640625 0.6053240740740741 0.054427083333333334 0.11342592592592593
11 0.07747395833333333 0.7972222222222223 0.09609375 0.22962962962962963
9 0.39921875 0.5256944444444445 0.046875 0.08472222222222223
9 0.2908854166666667 0.27847222222222223 0.05260416666666667 0.07916666666666666
6 0.15325520833333334 0.525 0.08984375 0.2462962962962963
3 0.26861979166666666 0.056712962962962965 0.045572916666666664 0.08009259259259259
2 0.4588541666666667 0.29097222222222224 0.0796875 0.13472222222222222
2 0.2923177083333333 0.48032407407407407 0.08984375 0.14675925925925926
2 0.1515625 0.23310185185185187 0.07239583333333334 0.12638888888888888
1 0.21809895833333334 0.7273148148148149 0.04453125 0.07314814814814814
