7 0.477734375 0.8097222222222222 0.14609375 0.1925925925925926
6 0.37643229166666664 0.48194444444444445 0.12838541666666667 0.24722222222222223
5 0.6438802083333334 0.4134259259259259 0.06432291666666666 0.24074074074074073
9 0.14778645833333334 0.28032407407407406 0.05807291666666667 0.08564814814814815
9 0.19075520833333334 0.5981481481481481 0.05390625 0.09259259259259259
10 0.655078125 0.6715277777777777 0.06744791666666666 0.12916666666666668
11 0.536328125 0.27199074074074076 0.13776041666666666 0.19953703703703704
12 0.49921875 0.48356481481481484 0.06822916666666666 0.12546296296296297
1 0.38229166666666664 0.23217592592592592 0.0453125 0.08009259259259259
2 0.30885416666666665 0.7493055555555556 0.0890625 0.1625
2 0.23697916666666666 0.4113425925925926 0.08802083333333334 0.14675925925925926
3 0.7354166666666667 0.20787037037037037 0.04583333333333333 0.07962962962962963
3 0.161328125 0.8134259259259259 0.046614583333333334 0.07685185185185185
