8 0.079296875 0.5363425925925925 0.13515625 0.10324074074074074
9 0.22643229166666667 0.4 0.05546875 0.09444444444444444
9 0.19466145833333334 0.059953703703703703 0.05911458333333333 0.09675925925925925
10 0.7100260416666667 0.5363425925925925 0.07161458333333333 0.1300925925925926
11 0.60234375 0.09791666666666667 0.15208333333333332 0.19583333333333333
12 0.553515625 0.31689814814814815 0.07630208333333334 0.13564814814814816
2 0.34322916666666664 0.5726851851851852 0.09375 0.16296296296296298
2 0.28203125 0.2076388888888889 0.08958333333333333 0.15694444444444444
2 0.06731770833333334 0.22662037037037036 0.10651041666666666 0.16712962962962963
3 0.18567708333333333 0.6229166666666667 0.04895833333333333 0.08009259259259259
3 0.8162760416666667 0.05324074074074074 0.05182291666666667 0.08888888888888889
5 0.7110677083333333 0.25949074074074074 0.07890625 0.26064814814814813
6 0.4256510416666667 0.2935185185185185 0.13880208333333333 0.2601851851851852
7 0.517578125 0.6569444444444444 0.15442708333333333 0.18055555555555555
