1 0.219921875 0.7805555555555556 0.04505208333333333 0.07407407407407407
2 0.28515625 0.5254629629629629 0.09114583333333333 0.14814814814814814
2 0.4432291666666667 0.31851851851851853 0.08020833333333334 0.13240740740740742
2 0.13619791666666667 0.2969907407407407 0.07291666666666667 0.11898148148148148
3 0.24635416666666668 0.10740740740740741 0.0453125 0.07592592592592592
6 0.14856770833333333 0.5868055555555556 0.08203125 0.2439814814814815
8 0.3360677083333333 0.08981481481481482 0.10442708333333334 0.16018518518518518
9 0.39296875 0.5599537037037037 0.04739583333333333 0.08657407407407407
9 0.2765625 0.32708333333333334 0.05416666666666667 0.0763888888888889
11 0.08216145833333334 0.8655092592592593 0.08828125 0.23657407407407408
12 0.055078125 0.6777777777777778 0.054427083333333334 0.11203703703703703
