5 0.06015625 0.5527777777777778 0.06614583333333333 0.23796296296296296
6 0.31223958333333335 0.4925925925925926 0.13541666666666666 0.2537037037037037
7 0.20546875 0.14837962962962964 0.16302083333333334 0.2013888888888889
8 0.6505208333333333 0.20324074074074075 0.12760416666666666 0.12037037037037036
9 0.5098958333333333 0.36319444444444443 0.04791666666666667 0.09305555555555556
9 0.549609375 0.6847222222222222 0.05182291666666667 0.09074074074074075
10 0.041796875 0.29467592592592595 0.07942708333333333 0.12453703703703704
11 0.16458333333333333 0.6909722222222222 0.14010416666666667 0.1912037037037037
12 0.194140625 0.4844907407407407 0.07421875 0.12916666666666668
1 0.3196614583333333 0.7305555555555555 0.04765625 0.08148148148148149
2 0.45950520833333336 0.5571759259259259 0.08046875 0.14953703703703702
2 0.67265625 0.5125 0.09427083333333333 0.1638888888888889
2 0.3860677083333333 0.20462962962962963 0.08880208333333334 0.16574074074074074
3 0.5471354166666667 0.1300925925925926 0.04479166666666667 0.08611111111111111
