11 0.4630208333333333 0.8773148148148148 0.11822916666666666 0.22777777777777777
12 0.3455729166666667 0.8456018518518519 0.07135416666666666 0.11527777777777778
1 0.46380208333333334 0.6041666666666666 0.042708333333333334 0.07777777777777778
2 0.3419270833333333 0.3851851851851852 0.09010416666666667 0.14722222222222223
2 0.16875 0.5564814814814815 0.0921875 0.13796296296296295
3 0.10794270833333333 0.29907407407407405 0.047135416666666666 0.07777777777777778
6 0.32447916666666665 0.6446759259259259 0.15 0.2013888888888889
7 0.16432291666666668 0.8622685185185185 0.13072916666666667 0.25972222222222224
8 0.12239583333333333 0.11342592592592593 0.0765625 0.2175925925925926
9 0.23138020833333334 0.32523148148148145 0.054947916666666666 0.08564814814814815
9 0.39921875 0.20787037037037037 0.049479166666666664 0.09351851851851851
