8 0.10260416666666666 0.23958333333333334 0.0984375 0.19212962962962962
9 0.24557291666666667 0.3613425925925926 0.05260416666666667 0.08935185185185185
9 0.37447916666666664 0.1363425925925926 0.053125 0.08935185185185185
11 0.5739583333333333 0.725925925925926 0.14270833333333333 0.16111111111111112
12 0.45924479166666665 0.7689814814814815 0.06536458333333334 0.09259259259259259
1 0.5182291666666666 0.46574074074074073 0.042708333333333334 0.07407407407407407
2 0.35989583333333336 0.3398148148148148 0.09114583333333333 0.15925925925925927
2 0.23541666666666666 0.6175925925925926 0.07864583333333333 0.11388888888888889
3 0.12669270833333332 0.42083333333333334 0.047135416666666666 0.07592592592592592
5 0.5640625 0.9416666666666667 0.13229166666666667 0.11481481481481481
6 0.39817708333333335 0.5900462962962963 0.1421875 0.12916666666666668
