9 0.28411458333333334 0.8013888888888889 0.051041666666666666 0.08055555555555556
9 0.44505208333333335 0.8618055555555556 0.044270833333333336 0.09027777777777778
10 0.6587239583333333 0.2023148148148148 0.06536458333333334 0.1175925925925926
11 0.420703125 0.23425925925925925 0.05546875 0.2518518518518518
12 0.5080729166666667 0.36666666666666664 0.057291666666666664 0.11851851851851852
1 0.346484375 0.44513888888888886 0.04140625 0.07175925925925926
2 0.376171875 0.7229166666666667 0.07005208333333333 0.11712962962962963
2 0.5602864583333333 0.75 0.07838541666666667 0.14814814814814814
5 0.5317708333333333 0.12037037037037036 0.11197916666666667 0.18611111111111112
6 0.4596354166666667 0.5462962962962963 0.10260416666666666 0.2388888888888889
7 0.653125 0.524537037037037 0.06458333333333334 0.2351851851851852
