7 0.6390625 0.47453703703703703 0.06666666666666667 0.2361111111111111
6 0.4479166666666667 0.5432870370370371 0.11458333333333333 0.23472222222222222
5 0.485546875 0.10439814814814814 0.11848958333333333 0.16064814814814815
2 0.5651041666666666 0.7219907407407408 0.08020833333333334 0.14953703703703702
2 0.38059895833333335 0.7398148148148148 0.06848958333333334 0.11296296296296296
1 0.32903645833333334 0.4726851851851852 0.04244791666666667 0.07037037037037037
12 0.4825520833333333 0.35509259259259257 0.0609375 0.11944444444444445
11 0.3854166666666667 0.24305555555555555 0.07395833333333333 0.25
10 0.6186197916666667 0.15231481481481482 0.06692708333333333 0.11574074074074074
9 0.2950520833333333 0.8409722222222222 0.049479166666666664 0.08472222222222223
9 0.4596354166666667 0.8625 0.044270833333333336 0.08703703703703704
