9 0.28151041666666665 0.7712962962962963 0.05 0.08055555555555556
9 0.43854166666666666 0.8576388888888888 0.042708333333333334 0.08935185185185185
10 0.6859375 0.23680555555555555 0.06458333333333334 0.11990740740740741
11 0.44752604166666665 0.23078703703703704 0.04348958333333333 0.2523148148148148
12 0.52734375 0.375 0.05520833333333333 0.1175925925925926
1 0.3631510416666667 0.4270833333333333 0.04088541666666667 0.07083333333333333
2 0.378125 0.7074074074074074 0.07239583333333334 0.12314814814814815
2 0.5598958333333334 0.7645833333333333 0.07552083333333333 0.14675925925925926
5 0.5641927083333333 0.1335648148148148 0.10494791666666667 0.19490740740740742
6 0.4700520833333333 0.5458333333333333 0.09270833333333334 0.24259259259259258
7 0.6643229166666667 0.5555555555555556 0.0734375 0.2388888888888889
