7 0.6489583333333333 0.5081018518518519 0.0578125 0.2300925925925926
6 0.455859375 0.5444444444444444 0.10651041666666666 0.23703703703703705
5 0.5174479166666667 0.1150462962962963 0.1140625 0.17731481481481481
2 0.3776041666666667 0.7266203703703704 0.06770833333333333 0.11435185185185186
2 0.5623697916666667 0.7407407407407407 0.07786458333333333 0.14907407407407408
1 0.34140625 0.45185185185185184 0.0421875 0.0712962962962963
12 0.5002604166666667 0.36180555555555555 0.058854166666666666 0.11805555555555555
11 0.40963541666666664 0.2349537037037037 0.06145833333333333 0.2513888888888889
10 0.6471354166666666 0.18333333333333332 0.0671875 0.1175925925925926
9 0.2877604166666667 0.8131944444444444 0.04895833333333333 0.08194444444444444
9 0.4498697916666667 0.8613425925925926 0.04453125 0.08935185185185185
