11 0.21145833333333333 0.4736111111111111 0.15989583333333332 0.1
12 0.290625 0.30787037037037035 0.07604166666666666 0.11296296296296296
1 0.34153645833333335 0.6270833333333333 0.047135416666666666 0.08009259259259259
2 0.716015625 0.7090277777777778 0.08671875 0.15694444444444444
2 0.5135416666666667 0.5828703703703704 0.06822916666666666 0.1361111111111111
2 0.537109375 0.21157407407407408 0.08828125 0.1675925925925926
3 0.024479166666666666 0.3715277777777778 0.04895833333333333 0.07916666666666666
3 0.69921875 0.2701388888888889 0.05 0.08472222222222223
4 0.846875 0.5400462962962963 0.08020833333333334 0.24861111111111112
5 0.1453125 0.25578703703703703 0.11302083333333333 0.21712962962962962
6 0.39817708333333335 0.40671296296296294 0.15260416666666668 0.19583333333333333
8 0.7739583333333333 0.41203703703703703 0.13072916666666667 0.1388888888888889
9 0.6078125 0.45023148148148145 0.053125 0.08657407407407407
9 0.5625 0.7668981481481482 0.04583333333333333 0.09675925925925925
