9 0.18919270833333332 0.6002314814814815 0.054427083333333334 0.09305555555555556
9 0.14895833333333333 0.2814814814814815 0.05677083333333333 0.08518518518518518
10 0.6518229166666667 0.6877314814814814 0.06614583333333333 0.12916666666666668
11 0.53671875 0.28402777777777777 0.13958333333333334 0.19583333333333333
12 0.4981770833333333 0.49421296296296297 0.06979166666666667 0.12731481481481483
1 0.3829427083333333 0.23958333333333334 0.04609375 0.07916666666666666
2 0.305859375 0.7550925925925925 0.08932291666666667 0.16111111111111112
2 0.23606770833333332 0.4150462962962963 0.08619791666666667 0.1449074074074074
3 0.7361979166666667 0.22685185185185186 0.04739583333333333 0.08148148148148149
3 0.158203125 0.8134259259259259 0.047135416666666666 0.0787037037037037
5 0.643359375 0.4303240740740741 0.06432291666666666 0.24027777777777778
6 0.37578125 0.49027777777777776 0.13177083333333334 0.25
7 0.4734375 0.8185185185185185 0.14583333333333334 0.19537037037037036
