11 0.06731770833333334 0.7763888888888889 0.09921875 0.22314814814814815
12 0.051041666666666666 0.5821759259259259 0.05572916666666667 0.11435185185185186
9 0.3958333333333333 0.5344907407407408 0.04739583333333333 0.0837962962962963
9 0.29518229166666665 0.27870370370370373 0.05234375 0.08055555555555556
6 0.15130208333333334 0.5113425925925926 0.09479166666666666 0.24583333333333332
3 0.2794270833333333 0.05486111111111111 0.0453125 0.07916666666666666
2 0.46171875 0.3060185185185185 0.0796875 0.13703703703703704
2 0.290625 0.4789351851851852 0.0890625 0.14583333333333334
2 0.15690104166666666 0.22037037037037038 0.07526041666666666 0.12962962962962962
1 0.20989583333333334 0.719212962962963 0.04375 0.07361111111111111
