3 0.28463541666666664 0.7296296296296296 0.040625 0.0712962962962963
3 0.8140625 0.18356481481481482 0.04375 0.07546296296296297
5 0.730078125 0.3664351851851852 0.06432291666666666 0.22453703703703703
7 0.5787760416666666 0.7226851851851852 0.13359375 0.17407407407407408
8 0.18971354166666668 0.6689814814814815 0.11484375 0.10277777777777777
6 0.48802083333333335 0.4275462962962963 0.1140625 0.22546296296296298
1 0.491015625 0.1986111111111111 0.038802083333333334 0.07222222222222222
2 0.42213541666666665 0.6717592592592593 0.07447916666666667 0.14351851851851852
2 0.16549479166666667 0.39861111111111114 0.08932291666666667 0.14351851851851852
2 0.3578125 0.36041666666666666 0.07395833333333333 0.13564814814814816
4 0.10598958333333333 0.6215277777777778 0.05416666666666667 0.22083333333333333
9 0.3143229166666667 0.5324074074074074 0.04479166666666667 0.08611111111111111
9 0.275 0.23958333333333334 0.052083333333333336 0.08009259259259259
10 0.7381510416666667 0.6018518518518519 0.06328125 0.11574074074074074
11 0.6333333333333333 0.23564814814814813 0.1296875 0.1814814814814815
12 0.5975260416666667 0.4300925925925926 0.06432291666666666 0.11574074074074074
