9 0.5498697916666667 0.6752314814814815 0.05130208333333333 0.09398148148148149
9 0.5322916666666667 0.3474537037037037 0.046875 0.09398148148148149
10 0.066796875 0.1789351851851852 0.07786458333333333 0.13194444444444445
11 0.166015625 0.6023148148148149 0.14765625 0.17222222222222222
12 0.208203125 0.399537037037037 0.07578125 0.1259259259259259
1 0.3177083333333333 0.6715277777777777 0.046875 0.08194444444444444
2 0.468359375 0.5287037037037037 0.07578125 0.14074074074074075
2 0.6837239583333333 0.5293981481481481 0.09401041666666667 0.16435185185185186
2 0.41888020833333334 0.16273148148148148 0.09036458333333333 0.17175925925925925
3 0.5841145833333333 0.12268518518518519 0.0453125 0.08425925925925926
4 0.77578125 0.28680555555555554 0.03958333333333333 0.2550925925925926
5 0.06888020833333333 0.4398148148148148 0.07682291666666667 0.2388888888888889
6 0.326171875 0.4305555555555556 0.14296875 0.2462962962962963
