1 0.22565104166666666 0.5608796296296297 0.04505208333333333 0.07175925925925926
2 0.49440104166666665 0.44050925925925927 0.06536458333333334 0.10416666666666667
2 0.3703125 0.6898148148148148 0.08333333333333333 0.14814814814814814
3 0.5947916666666667 0.63125 0.03958333333333333 0.06898148148148148
5 0.182421875 0.09375 0.13463541666666667 0.10416666666666667
6 0.3333333333333333 0.45532407407407405 0.14114583333333333 0.12916666666666668
7 0.43919270833333335 0.15462962962962962 0.13411458333333334 0.22592592592592592
8 0.599609375 0.8037037037037037 0.08151041666666667 0.18333333333333332
9 0.47799479166666664 0.6768518518518518 0.04140625 0.08796296296296297
9 0.351953125 0.8685185185185185 0.048177083333333336 0.08425925925925926
11 0.170703125 0.31157407407407406 0.14192708333333334 0.16111111111111112
12 0.28020833333333334 0.2775462962962963 0.0671875 0.09027777777777778
3 0.05065104166666667 0.055324074074074074 0.046614583333333334 0.07731481481481481
