10 0.406640625 0.16967592592592592 0.06744791666666666 0.13287037037037036
11 0.2688802083333333 0.5421296296296296 0.14869791666666668 0.17407407407407408
12 0.38697916666666665 0.5101851851851852 0.06822916666666666 0.09537037037037037
1 0.3204427083333333 0.8060185185185185 0.04453125 0.07962962962962963
2 0.613671875 0.6888888888888889 0.07369791666666667 0.12222222222222222
3 0.14505208333333333 0.26782407407407405 0.04739583333333333 0.08009259259259259
6 0.43971354166666665 0.7039351851851852 0.14557291666666666 0.15231481481481482
7 0.5610677083333333 0.39143518518518516 0.14244791666666667 0.23472222222222222
5 0.28463541666666664 0.31157407407407406 0.1421875 0.10092592592592593
9 0.5915364583333333 0.9460648148148149 0.047135416666666666 0.09861111111111111
3 0.71953125 0.8988425925925926 0.04635416666666667 0.08194444444444444
