12 0.17434895833333333 0.6810185185185185 0.06536458333333334 0.1287037037037037
1 0.328125 0.8643518518518518 0.04635416666666667 0.08611111111111111
2 0.437890625 0.6377314814814815 0.08567708333333333 0.1597222222222222
2 0.6397135416666667 0.5034722222222222 0.09348958333333333 0.16064814814814815
2 0.321484375 0.3296296296296296 0.08359375 0.14722222222222223
3 0.46575520833333334 0.18773148148148147 0.04505208333333333 0.08472222222222223
4 0.676953125 0.21851851851851853 0.08151041666666667 0.2537037037037037
5 0.056380208333333334 0.8020833333333334 0.04453125 0.24027777777777778
6 0.2877604166666667 0.6363425925925926 0.11510416666666666 0.2671296296296296
7 0.14049479166666667 0.35300925925925924 0.15755208333333334 0.2310185185185185
8 0.57109375 0.22060185185185185 0.12395833333333334 0.14675925925925926
9 0.46184895833333334 0.4275462962962963 0.05182291666666667 0.08935185185185185
9 0.5447916666666667 0.7229166666666667 0.0515625 0.09212962962962963
11 0.17291666666666666 0.8875 0.12083333333333333 0.22314814814814815
