9 0.47734375 0.6814814814814815 0.042708333333333334 0.08888888888888889
9 0.3497395833333333 0.8703703703703703 0.049479166666666664 0.08518518518518518
11 0.17317708333333334 0.3074074074074074 0.14166666666666666 0.1648148148148148
12 0.2833333333333333 0.27685185185185185 0.06770833333333333 0.09166666666666666
1 0.22578125 0.5592592592592592 0.04479166666666667 0.07314814814814814
2 0.369140625 0.6912037037037037 0.08463541666666667 0.15092592592592594
2 0.4962239583333333 0.44537037037037036 0.06588541666666667 0.10740740740740741
3 0.5944010416666666 0.6395833333333333 0.040364583333333336 0.07083333333333333
3 0.0546875 0.04837962962962963 0.046875 0.08101851851851852
5 0.1875 0.09166666666666666 0.1359375 0.10555555555555556
6 0.33489583333333334 0.45717592592592593 0.14114583333333333 0.13287037037037036
7 0.4432291666666667 0.15856481481481483 0.13385416666666666 0.2310185185185185
8 0.59765625 0.8138888888888889 0.07916666666666666 0.18611111111111112
