9 0.187890625 0.3296296296296296 0.05703125 0.08888888888888889
10 0.6322916666666667 0.6631944444444444 0.0703125 0.1310185185185185
11 0.5848958333333333 0.1962962962962963 0.15729166666666666 0.14444444444444443
12 0.5123697916666666 0.38981481481481484 0.07473958333333333 0.12314814814814815
1 0.44088541666666664 0.07222222222222222 0.04635416666666667 0.08703703703703704
2 0.27786458333333336 0.5474537037037037 0.09791666666666667 0.16064814814814815
2 0.26588541666666665 0.16944444444444445 0.07760416666666667 0.13796296296296295
2 0.05520833333333333 0.09560185185185185 0.10260416666666666 0.16805555555555557
3 0.12161458333333333 0.5263888888888889 0.04739583333333333 0.07777777777777778
3 0.7955729166666666 0.24861111111111112 0.050520833333333334 0.08333333333333333
5 0.6684895833333333 0.40208333333333335 0.10208333333333333 0.23564814814814813
6 0.3907552083333333 0.3159722222222222 0.15130208333333334 0.2273148148148148
7 0.43216145833333336 0.6983796296296296 0.14765625 0.1300925925925926
