11 0.601171875 0.45023148148148145 0.14921875 0.08657407407407407
10 0.603515625 0.8969907407407407 0.06953125 0.12546296296296297
9 0.21484375 0.45046296296296295 0.05520833333333333 0.08148148148148149
9 0.26015625 0.13495370370370371 0.051041666666666666 0.09398148148148149
7 0.41236979166666665 0.8731481481481481 0.14296875 0.1388888888888889
6 0.4109375 0.5081018518518519 0.14739583333333334 0.18472222222222223
5 0.6610677083333333 0.6666666666666666 0.11119791666666666 0.20462962962962963
3 0.7920572916666667 0.5641203703703703 0.04869791666666667 0.07824074074074074
3 0.13111979166666668 0.6118055555555556 0.047135416666666666 0.07731481481481481
2 0.3053385416666667 0.32546296296296295 0.07526041666666666 0.13518518518518519
2 0.2794270833333333 0.6821759259259259 0.0921875 0.15324074074074073
2 0.11119791666666666 0.19027777777777777 0.090625 0.15
1 0.47994791666666664 0.2902777777777778 0.042708333333333334 0.07777777777777778
12 0.5171875 0.6076388888888888 0.06927083333333334 0.10416666666666667
