1 0.16041666666666668 0.6708333333333333 0.04375 0.07037037037037037
2 0.46171875 0.39375 0.08229166666666667 0.1449074074074074
2 0.273046875 0.48055555555555557 0.08515625 0.1388888888888889
2 0.17864583333333334 0.16898148148148148 0.084375 0.14722222222222223
3 0.321484375 0.06712962962962964 0.04296875 0.0787037037037037
4 0.5109375 0.1388888888888889 0.0609375 0.24259259259259258
6 0.13177083333333334 0.4479166666666667 0.11979166666666667 0.24027777777777778
8 0.41302083333333334 0.1136574074074074 0.1140625 0.12175925925925926
9 0.30494791666666665 0.2898148148148148 0.05 0.08425925925925926
9 0.36640625 0.5784722222222223 0.049479166666666664 0.07731481481481481
