8 0.390234375 0.09421296296296296 0.11328125 0.13287037037037036
7 0.13997395833333334 0.49537037037037035 0.10755208333333334 0.24259259259259258
3 0.29661458333333335 0.07083333333333333 0.04479166666666667 0.07407407407407407
2 0.4610677083333333 0.3594907407407407 0.08098958333333334 0.14305555555555555
2 0.2805989583333333 0.4925925925925926 0.08880208333333334 0.14537037037037037
2 0.16419270833333333 0.20717592592592593 0.07890625 0.13842592592592592
1 0.18424479166666666 0.7104166666666667 0.04453125 0.07361111111111111
9 0.3807291666666667 0.5682870370370371 0.049479166666666664 0.08194444444444444
9 0.29778645833333334 0.29583333333333334 0.05182291666666667 0.0824074074074074
12 0.03463541666666667 0.5425925925925926 0.058854166666666666 0.11574074074074074
