9 0.2825520833333333 0.7826388888888889 0.05 0.08101851851851852
9 0.4401041666666667 0.8601851851851852 0.042708333333333334 0.09166666666666666
10 0.6770833333333334 0.22870370370370371 0.06458333333333334 0.1175925925925926
11 0.43893229166666664 0.23310185185185187 0.04765625 0.2523148148148148
12 0.5212239583333333 0.37453703703703706 0.05546875 0.11851851851851852
1 0.3580729166666667 0.43310185185185185 0.041666666666666664 0.07175925925925926
2 0.37643229166666664 0.7145833333333333 0.07161458333333333 0.12083333333333333
2 0.5591145833333333 0.762962962962963 0.07604166666666666 0.14722222222222223
5 0.5537760416666667 0.13194444444444445 0.10598958333333333 0.18888888888888888
6 0.46588541666666666 0.5488425925925926 0.09583333333333334 0.23842592592592593
7 0.6610677083333333 0.5483796296296296 0.06848958333333334 0.23935185185185184
