12 0.45169270833333336 0.5030092592592592 0.05963541666666667 0.12731481481481483
1 0.29778645833333334 0.32592592592592595 0.04765625 0.0787037037037037
2 0.31666666666666665 0.8578703703703704 0.07864583333333333 0.15092592592592594
2 0.19192708333333333 0.5743055555555555 0.09583333333333334 0.15787037037037038
3 0.6282552083333334 0.1136574074074074 0.045572916666666664 0.08194444444444444
5 0.5768229166666666 0.3587962962962963 0.034895833333333334 0.23981481481481481
6 0.3346354166666667 0.5673611111111111 0.10364583333333334 0.2625
7 0.4859375 0.8240740740740741 0.13802083333333334 0.24351851851851852
9 0.181640625 0.7738425925925926 0.05651041666666667 0.08842592592592592
9 0.0875 0.4983796296296296 0.059375 0.08657407407407407
10 0.6311197916666667 0.5986111111111111 0.07213541666666666 0.1175925925925926
11 0.453125 0.2851851851851852 0.11354166666666667 0.24074074074074073
