7 0.58203125 0.38310185185185186 0.09479166666666666 0.24583333333333332
6 0.4088541666666667 0.549537037037037 0.13072916666666667 0.20925925925925926
5 0.37421875 0.10694444444444444 0.12708333333333333 0.10833333333333334
3 0.5873697916666667 0.9027777777777778 0.04088541666666667 0.0787037037037037
2 0.37864583333333335 0.7747685185185185 0.07864583333333333 0.13564814814814816
2 0.55234375 0.6613425925925925 0.07916666666666666 0.1439814814814815
1 0.28567708333333336 0.5414351851851852 0.04375 0.07268518518518519
12 0.41119791666666666 0.34837962962962965 0.06666666666666667 0.11435185185185186
11 0.30169270833333334 0.28888888888888886 0.10546875 0.23148148148148148
10 0.5096354166666667 0.08518518518518518 0.06458333333333334 0.11574074074074074
9 0.3143229166666667 0.9113425925925925 0.04583333333333333 0.08657407407407407
9 0.4744791666666667 0.850462962962963 0.04635416666666667 0.0824074074074074
