12 0.04401041666666667 0.7622685185185185 0.0515625 0.11435185185185186
1 0.210546875 0.8486111111111111 0.04453125 0.07407407407407407
2 0.4180989583333333 0.3664351851851852 0.07786458333333333 0.12453703703703704
2 0.26640625 0.5877314814814815 0.0921875 0.15046296296296297
2 0.11067708333333333 0.3763888888888889 0.07604166666666666 0.11666666666666667
3 0.21471354166666667 0.17592592592592593 0.045572916666666664 0.07777777777777778
6 0.133203125 0.6645833333333333 0.07682291666666667 0.2439814814814815
8 0.30078125 0.1502314814814815 0.1015625 0.16712962962962963
9 0.25104166666666666 0.39166666666666666 0.05416666666666667 0.07777777777777778
9 0.37526041666666665 0.6101851851851852 0.04635416666666667 0.08796296296296297
4 0.4010416666666667 0.1 0.10677083333333333 0.2
