12 0.17994791666666668 0.7576388888888889 0.059895833333333336 0.12731481481481483
1 0.341015625 0.9162037037037037 0.04505208333333333 0.08425925925925926
2 0.4381510416666667 0.6715277777777777 0.08776041666666666 0.16342592592592592
2 0.6307291666666667 0.5069444444444444 0.08958333333333333 0.15185185185185185
2 0.3065104166666667 0.38680555555555557 0.07916666666666666 0.13935185185185187
3 0.441796875 0.22314814814814815 0.045572916666666664 0.08148148148148149
4 0.6529947916666666 0.21898148148148147 0.09088541666666666 0.24814814814814815
6 0.28958333333333336 0.6949074074074074 0.10364583333333334 0.2712962962962963
7 0.12877604166666667 0.4414351851851852 0.15286458333333333 0.23842592592592593
8 0.5467447916666667 0.23842592592592593 0.12057291666666667 0.15092592592592594
9 0.45065104166666664 0.46087962962962964 0.05078125 0.0875
9 0.5490885416666667 0.7395833333333334 0.05026041666666667 0.09398148148148149
