9 0.16341145833333334 0.8493055555555555 0.05703125 0.08842592592592592
9 0.051041666666666666 0.5986111111111111 0.058854166666666666 0.08981481481481482
11 0.39479166666666665 0.3060185185185185 0.10104166666666667 0.25277777777777777
10 0.5940104166666667 0.5729166666666666 0.0703125 0.11064814814814815
12 0.4088541666666667 0.5199074074074074 0.05416666666666667 0.12314814814814815
1 0.24453125 0.38125 0.04895833333333333 0.0763888888888889
2 0.15833333333333333 0.6506944444444445 0.09895833333333333 0.16064814814814815
2 0.30299479166666665 0.8997685185185185 0.07057291666666667 0.14305555555555555
3 0.5548177083333333 0.09652777777777778 0.04348958333333333 0.08287037037037037
5 0.5217447916666667 0.3488425925925926 0.05182291666666667 0.24212962962962964
6 0.2981770833333333 0.6099537037037037 0.09166666666666666 0.26064814814814813
7 0.465625 0.8293981481481482 0.13020833333333334 0.2587962962962963
