1 0.44388020833333336 0.10347222222222222 0.045572916666666664 0.0837962962962963
2 0.26315104166666664 0.1685185185185185 0.07473958333333333 0.14074074074074075
3 0.7850260416666667 0.3453703703703704 0.05078125 0.0824074074074074
5 0.6509114583333333 0.4740740740740741 0.11015625 0.2222222222222222
6 0.380859375 0.33935185185185185 0.15442708333333333 0.20833333333333334
7 0.3997395833333333 0.7252314814814815 0.1484375 0.11805555555555555
9 0.17721354166666667 0.3136574074074074 0.05859375 0.08935185185185185
10 0.600390625 0.725 0.07161458333333333 0.13055555555555556
11 0.57890625 0.25439814814814815 0.15677083333333333 0.1162037037037037
12 0.49765625 0.43310185185185185 0.075 0.11435185185185186
1 0.10026041666666667 0.49675925925925923 0.04635416666666667 0.07685185185185185
2 0.25481770833333334 0.5469907407407407 0.09869791666666666 0.15694444444444444
