11 0.568359375 0.7430555555555556 0.14140625 0.17222222222222222
12 0.4532552083333333 0.7800925925925926 0.06536458333333334 0.09259259259259259
1 0.5182291666666666 0.4810185185185185 0.0421875 0.07314814814814814
2 0.23229166666666667 0.6122685185185185 0.078125 0.11435185185185186
2 0.361328125 0.34421296296296294 0.08932291666666667 0.15601851851851853
3 0.12760416666666666 0.4078703703703704 0.046875 0.07407407407407407
5 0.5536458333333333 0.9550925925925926 0.1328125 0.08796296296296297
6 0.3953125 0.5981481481481481 0.14479166666666668 0.13796296296296295
8 0.10794270833333333 0.2263888888888889 0.09557291666666666 0.19722222222222222
9 0.2484375 0.35671296296296295 0.052083333333333336 0.09027777777777778
9 0.3826822916666667 0.14212962962962963 0.05390625 0.09074074074074075
