7 0.6680989583333333 0.5465277777777777 0.07161458333333333 0.23564814814814813
6 0.47369791666666666 0.5375 0.09322916666666667 0.2388888888888889
5 0.5671875 0.1275462962962963 0.10520833333333333 0.19212962962962962
2 0.5627604166666667 0.7550925925925925 0.0765625 0.14537037037037037
2 0.3828125 0.6979166666666666 0.071875 0.12175925925925926
1 0.36692708333333335 0.41967592592592595 0.04114583333333333 0.0699074074074074
12 0.5305989583333334 0.36689814814814814 0.05234375 0.1162037037037037
11 0.45143229166666665 0.22314814814814815 0.04453125 0.25
10 0.6888020833333334 0.22870370370370371 0.06354166666666666 0.1175925925925926
9 0.28606770833333334 0.7625 0.04921875 0.08055555555555556
9 0.442578125 0.8479166666666667 0.04140625 0.0875
