2 0.23723958333333334 0.42800925925925926 0.0828125 0.14212962962962963
3 0.74140625 0.3071759259259259 0.046875 0.07916666666666666
3 0.14296875 0.8145833333333333 0.046875 0.0763888888888889
6 0.37330729166666665 0.507175925925926 0.13411458333333334 0.2726851851851852
7 0.456640625 0.8643518518518518 0.14557291666666666 0.17407407407407408
5 0.6415364583333333 0.49745370370370373 0.07317708333333334 0.23935185185185184
9 0.15559895833333334 0.2847222222222222 0.05703125 0.08703703703703704
9 0.183203125 0.6064814814814815 0.053385416666666664 0.09166666666666666
10 0.639453125 0.7537037037037037 0.06432291666666666 0.13055555555555556
2 0.29270833333333335 0.7763888888888889 0.09114583333333333 0.16111111111111112
1 0.39114583333333336 0.2740740740740741 0.04375 0.07777777777777778
11 0.5411458333333333 0.33796296296296297 0.1421875 0.17777777777777778
12 0.49505208333333334 0.5428240740740741 0.06979166666666667 0.12268518518518519
