8 0.5875 0.8710648148148148 0.0734375 0.19212962962962962
7 0.47213541666666664 0.19722222222222222 0.12708333333333333 0.23796296296296296
6 0.34596354166666665 0.4722222222222222 0.14244791666666667 0.15092592592592594
5 0.2203125 0.08101851851851852 0.13489583333333333 0.08148148148148149
3 0.5927083333333333 0.6953703703703704 0.0421875 0.07222222222222222
2 0.366796875 0.7085648148148148 0.08359375 0.1486111111111111
2 0.5078125 0.4875 0.06927083333333334 0.1175925925925926
1 0.23203125 0.5523148148148148 0.04479166666666667 0.0712962962962963
12 0.30559895833333334 0.2833333333333333 0.06848958333333334 0.09907407407407408
11 0.193359375 0.29444444444444445 0.13619791666666667 0.18425925925925926
9 0.337109375 0.8819444444444444 0.04921875 0.08981481481481482
9 0.47486979166666665 0.7178240740740741 0.04401041666666667 0.08935185185185185
