12 0.16614583333333333 0.06782407407407408 0.07395833333333333 0.10787037037037037
1 0.220703125 0.3738425925925926 0.04505208333333333 0.07175925925925926
2 0.3807291666666667 0.32731481481481484 0.06666666666666667 0.12685185185185185
2 0.5670572916666666 0.4439814814814815 0.07213541666666666 0.13703703703703704
4 0.6868489583333334 0.28055555555555556 0.06953125 0.2324074074074074
6 0.26783854166666665 0.15648148148148147 0.14817708333333332 0.19444444444444445
8 0.6169270833333333 0.16018518518518518 0.11510416666666666 0.12962962962962962
9 0.427734375 0.5020833333333333 0.04296875 0.08657407407407407
9 0.46653645833333335 0.20277777777777778 0.04921875 0.08703703703703704
11 0.09453125 0.22870370370370371 0.15260416666666668 0.09351851851851851
