3 0.5305989583333334 0.1388888888888889 0.045572916666666664 0.08703703703703704
4 0.7352864583333333 0.23935185185185184 0.061197916666666664 0.2601851851851852
5 0.059244791666666664 0.6032407407407407 0.06067708333333333 0.2388888888888889
6 0.3059895833333333 0.5171296296296296 0.13125 0.2574074074074074
7 0.19140625 0.18726851851851853 0.16302083333333334 0.20879629629629629
8 0.6359375 0.20092592592592592 0.12708333333333333 0.1259259259259259
9 0.50078125 0.3736111111111111 0.04895833333333333 0.09444444444444444
9 0.5502604166666667 0.6909722222222222 0.0515625 0.08842592592592592
11 0.166015625 0.7305555555555555 0.13619791666666667 0.19907407407407407
12 0.19010416666666666 0.5219907407407407 0.07291666666666667 0.12916666666666668
1 0.321484375 0.756712962962963 0.04765625 0.08194444444444444
2 0.45559895833333336 0.5699074074074074 0.08203125 0.15185185185185185
2 0.6677083333333333 0.507175925925926 0.09635416666666667 0.16435185185185186
2 0.3723958333333333 0.2263888888888889 0.08802083333333334 0.16203703703703703
