12 0.25078125 0.24791666666666667 0.06822916666666666 0.0763888888888889
2 0.383203125 0.6263888888888889 0.08046875 0.14722222222222223
2 0.5209635416666667 0.8548611111111111 0.06171875 0.1476851851851852
2 0.47890625 0.33796296296296297 0.0703125 0.1175925925925926
3 0.5990885416666667 0.49398148148148147 0.04140625 0.07407407407407407
4 0.661328125 0.8083333333333333 0.10338541666666666 0.19444444444444445
5 0.13671875 0.09930555555555555 0.13125 0.14305555555555555
6 0.321484375 0.40717592592592594 0.13828125 0.09768518518518518
8 0.623046875 0.6587962962962963 0.09505208333333333 0.1675925925925926
9 0.488671875 0.5798611111111112 0.04453125 0.08472222222222223
9 0.38385416666666666 0.8094907407407408 0.0453125 0.08194444444444444
11 0.14856770833333333 0.3178240740740741 0.14765625 0.12546296296296297
1 0.22864583333333333 0.5467592592592593 0.04479166666666667 0.07037037037037037
