12 0.03919270833333333 0.5555555555555556 0.061197916666666664 0.11574074074074074
1 0.18932291666666667 0.7166666666666667 0.044270833333333336 0.07222222222222222
2 0.46067708333333335 0.350462962962963 0.08125 0.1425925925925926
2 0.28216145833333334 0.49421296296296297 0.08932291666666667 0.1439814814814815
2 0.16223958333333333 0.21412037037037038 0.07864583333333333 0.13472222222222222
3 0.29205729166666666 0.07037037037037037 0.045572916666666664 0.07777777777777778
6 0.141015625 0.5023148148148148 0.10390625 0.2462962962962963
8 0.3846354166666667 0.08842592592592592 0.11197916666666667 0.13703703703703704
9 0.38333333333333336 0.5641203703703703 0.049479166666666664 0.08287037037037037
9 0.29713541666666665 0.29398148148148145 0.052083333333333336 0.0824074074074074
11 0.04934895833333333 0.75 0.09817708333333333 0.21574074074074073
