12 0.5158854166666667 0.6069444444444444 0.06875 0.10555555555555556
1 0.4747395833333333 0.2912037037037037 0.042708333333333334 0.07777777777777778
2 0.28033854166666666 0.6916666666666667 0.09140625 0.15462962962962962
2 0.3009114583333333 0.3347222222222222 0.07473958333333333 0.13240740740740742
3 0.7895833333333333 0.5518518518518518 0.04739583333333333 0.07685185185185185
3 0.13072916666666667 0.6275462962962963 0.04635416666666667 0.07731481481481481
5 0.6606770833333333 0.6604166666666667 0.10885416666666667 0.20972222222222223
6 0.4083333333333333 0.5120370370370371 0.14739583333333334 0.18981481481481483
7 0.41549479166666664 0.8775462962962963 0.14348958333333334 0.13657407407407407
9 0.21223958333333334 0.4634259259259259 0.05572916666666667 0.08055555555555556
9 0.25286458333333334 0.14675925925925926 0.0515625 0.09537037037037037
10 0.60625 0.8925925925925926 0.06927083333333334 0.12685185185185185
11 0.5977864583333333 0.4460648148148148 0.14973958333333334 0.09305555555555556
