8 0.787890625 0.45231481481481484 0.12942708333333333 0.14074074074074075
6 0.4125 0.4252314814814815 0.15208333333333332 0.19027777777777777
5 0.16302083333333334 0.2587962962962963 0.11458333333333333 0.21296296296296297
4 0.858203125 0.5849537037037037 0.08255208333333333 0.2449074074074074
3 0.715625 0.305787037037037 0.04895833333333333 0.08194444444444444
3 0.038671875 0.3662037037037037 0.04973958333333333 0.0787037037037037
2 0.5239583333333333 0.6055555555555555 0.07083333333333333 0.14074074074074075
2 0.72421875 0.7469907407407408 0.08489583333333334 0.15416666666666667
2 0.5552083333333333 0.23680555555555555 0.08697916666666666 0.16157407407407406
1 0.35130208333333335 0.6409722222222223 0.04635416666666667 0.07916666666666666
12 0.30703125 0.32013888888888886 0.07552083333333333 0.10787037037037037
11 0.22486979166666668 0.4798611111111111 0.15911458333333334 0.09027777777777778
9 0.62109375 0.4798611111111111 0.05416666666666667 0.08564814814814815
9 0.569921875 0.7944444444444444 0.04765625 0.09907407407407408
