2 0.26341145833333335 0.19282407407407406 0.09036458333333333 0.1625
2 0.1890625 0.5458333333333333 0.09427083333333333 0.1398148148148148
3 0.722265625 0.6564814814814814 0.04973958333333333 0.08148148148148149
3 0.04973958333333333 0.40694444444444444 0.0484375 0.07777777777777778
1 0.44700520833333335 0.2386574074074074 0.045572916666666664 0.08472222222222223
5 0.5755208333333334 0.7016203703703704 0.1296875 0.17453703703703705
6 0.3453125 0.42824074074074076 0.15729166666666666 0.14074074074074075
7 0.29635416666666664 0.8002314814814815 0.16354166666666667 0.1912037037037037
9 0.155859375 0.2800925925925926 0.05911458333333333 0.08981481481481482
10 0.48463541666666665 0.9076388888888889 0.06979166666666667 0.13194444444444445
11 0.5446614583333333 0.47291666666666665 0.15442708333333333 0.10231481481481482
12 0.4388020833333333 0.5766203703703704 0.06979166666666667 0.08564814814814815
