1 0.233203125 0.37430555555555556 0.04505208333333333 0.07083333333333333
2 0.5791666666666667 0.4636574074074074 0.07239583333333334 0.13564814814814816
2 0.3938802083333333 0.33611111111111114 0.06744791666666666 0.12685185185185185
3 0.5696614583333334 0.05115740740740741 0.04192708333333333 0.08287037037037037
6 0.2850260416666667 0.15902777777777777 0.14817708333333332 0.1875
4 0.7013020833333333 0.3076388888888889 0.0734375 0.2310185185185185
8 0.6333333333333333 0.18287037037037038 0.115625 0.13240740740740742
9 0.4388020833333333 0.5131944444444444 0.04375 0.08657407407407407
9 0.4825520833333333 0.2162037037037037 0.04895833333333333 0.08333333333333333
11 0.11002604166666667 0.2224537037037037 0.15234375 0.08564814814814815
12 0.18502604166666667 0.06435185185185185 0.07317708333333334 0.10555555555555556
