9 0.07473958333333333 0.9113425925925925 0.057291666666666664 0.09212962962962963
10 0.5337239583333333 0.43194444444444446 0.06067708333333333 0.12314814814814815
11 0.28606770833333334 0.37569444444444444 0.04609375 0.26342592592592595
12 0.35794270833333336 0.5432870370370371 0.05390625 0.12175925925925926
1 0.18125 0.5627314814814814 0.0484375 0.07546296296296297
2 0.17903645833333334 0.8652777777777778 0.08776041666666666 0.14444444444444443
3 0.3690104166666667 0.04791666666666667 0.04635416666666667 0.08287037037037037
5 0.409765625 0.2969907407407407 0.10546875 0.2125
6 0.2858072916666667 0.7159722222222222 0.10026041666666667 0.26342592592592595
7 0.49166666666666664 0.7652777777777777 0.08229166666666667 0.2712962962962963
