9 0.441015625 0.8495370370370371 0.04088541666666667 0.08796296296296297
9 0.28541666666666665 0.7636574074074074 0.05 0.08009259259259259
10 0.6875 0.2300925925925926 0.0640625 0.12037037037037036
11 0.45013020833333334 0.2247685185185185 0.04348958333333333 0.2513888888888889
12 0.5296875 0.3685185185185185 0.05416666666666667 0.11666666666666667
1 0.366015625 0.4199074074074074 0.04088541666666667 0.07037037037037037
2 0.380859375 0.6990740740740741 0.07161458333333333 0.12407407407407407
2 0.5622395833333333 0.7569444444444444 0.07604166666666666 0.14629629629629629
5 0.566796875 0.12962962962962962 0.10442708333333334 0.1935185185185185
6 0.47291666666666665 0.5393518518518519 0.09322916666666667 0.23981481481481481
7 0.6661458333333333 0.5483796296296296 0.07447916666666667 0.24027777777777778
