9 0.47565104166666666 0.7064814814814815 0.04401041666666667 0.08888888888888889
9 0.340234375 0.8763888888888889 0.04921875 0.08888888888888889
8 0.590625 0.8527777777777777 0.07604166666666666 0.19074074074074074
7 0.462109375 0.18287037037037038 0.12994791666666666 0.2351851851851852
6 0.34205729166666665 0.46620370370370373 0.14244791666666667 0.14537037037037037
5 0.209375 0.08101851851851852 0.134375 0.08611111111111111
3 0.59375 0.6777777777777778 0.04010416666666667 0.07222222222222222
2 0.5036458333333333 0.47291666666666665 0.06927083333333334 0.11712962962962963
2 0.3673177083333333 0.7023148148148148 0.08463541666666667 0.15092592592592594
1 0.22942708333333334 0.5518518518518518 0.04635416666666667 0.07407407407407407
12 0.29830729166666664 0.2789351851851852 0.06796875 0.09768518518518518
11 0.18606770833333333 0.2974537037037037 0.13880208333333333 0.18101851851851852
