10 0.825390625 0.46041666666666664 0.08359375 0.1162037037037037
11 0.6134114583333333 0.16944444444444445 0.11432291666666666 0.2740740740740741
12 0.6243489583333334 0.3988425925925926 0.061197916666666664 0.1300925925925926
1 0.4510416666666667 0.25254629629629627 0.04583333333333333 0.08287037037037037
2 0.50546875 0.8006944444444445 0.06927083333333334 0.14953703703703702
2 0.35651041666666666 0.531712962962963 0.09375 0.16342592592592592
2 0.17630208333333333 0.7247685185185185 0.09583333333333334 0.15324074074074073
5 0.7506510416666666 0.2152777777777778 0.05651041666666667 0.26296296296296295
6 0.5071614583333334 0.4912037037037037 0.08880208333333334 0.2740740740740741
7 0.68671875 0.732175925925926 0.14635416666666667 0.2662037037037037
9 0.3575520833333333 0.7446759259259259 0.05572916666666667 0.09027777777777778
9 0.24348958333333334 0.47662037037037036 0.058333333333333334 0.09212962962962963
