11 0.5291666666666667 0.5363425925925925 0.15364583333333334 0.1125
12 0.421875 0.6314814814814815 0.07083333333333333 0.08333333333333333
1 0.4388020833333333 0.2953703703703704 0.046875 0.0787037037037037
2 0.17395833333333333 0.5798611111111112 0.09322916666666667 0.13935185185185187
2 0.25625 0.2361111111111111 0.09427083333333333 0.16296296296296298
3 0.7009114583333333 0.7335648148148148 0.04921875 0.08287037037037037
3 0.03802083333333333 0.42916666666666664 0.051041666666666666 0.08148148148148149
5 0.5545572916666667 0.7659722222222223 0.12994791666666666 0.16712962962962963
6 0.33177083333333335 0.47708333333333336 0.15625 0.1310185185185185
7 0.2733072916666667 0.84375 0.16223958333333333 0.20324074074074075
9 0.14713541666666666 0.31319444444444444 0.06041666666666667 0.09027777777777778
