1 0.34609375 0.2763888888888889 0.044270833333333336 0.07777777777777778
2 0.31783854166666664 0.8034722222222223 0.08463541666666667 0.1550925925925926
2 0.219140625 0.49027777777777776 0.09401041666666667 0.15185185185185185
3 0.692578125 0.1638888888888889 0.047135416666666666 0.08425925925925926
3 0.177734375 0.9027777777777778 0.045572916666666664 0.07962962962962963
5 0.619140625 0.38981481481481484 0.04401041666666667 0.24259259259259258
6 0.361328125 0.524537037037037 0.11692708333333333 0.25277777777777777
7 0.48684895833333336 0.8222222222222222 0.14348958333333334 0.21944444444444444
8 0.07135416666666666 0.862037037037037 0.1234375 0.12037037037037036
9 0.12122395833333334 0.38472222222222224 0.05755208333333333 0.08055555555555556
9 0.18958333333333333 0.6851851851851852 0.05520833333333333 0.09166666666666666
10 0.65078125 0.6407407407407407 0.0703125 0.125
11 0.50234375 0.27824074074074073 0.12760416666666666 0.2222222222222222
12 0.48216145833333335 0.49537037037037035 0.06328125 0.12962962962962962
