11 0.5932291666666667 0.4439814814814815 0.1484375 0.0962962962962963
10 0.6075520833333333 0.8900462962962963 0.06822916666666666 0.12638888888888888
12 0.5131510416666667 0.6078703703703704 0.07005208333333333 0.10555555555555556
1 0.46783854166666666 0.29444444444444445 0.04296875 0.0787037037037037
2 0.27890625 0.7030092592592593 0.09322916666666667 0.15694444444444444
2 0.2942708333333333 0.3460648148148148 0.07291666666666667 0.13194444444444445
3 0.7865885416666667 0.5395833333333333 0.04869791666666667 0.07916666666666666
3 0.12877604166666667 0.6451388888888889 0.04765625 0.07916666666666666
5 0.658203125 0.6543981481481481 0.10755208333333334 0.21342592592592594
6 0.4041666666666667 0.5175925925925926 0.14635416666666667 0.19166666666666668
7 0.41640625 0.8824074074074074 0.14322916666666666 0.12962962962962962
9 0.20716145833333333 0.4777777777777778 0.055989583333333336 0.08148148148148149
2 0.096484375 0.22569444444444445 0.09348958333333333 0.14953703703703702
9 0.24440104166666668 0.15949074074074074 0.05234375 0.09490740740740741
