7 0.44635416666666666 0.6881944444444444 0.1515625 0.13842592592592592
6 0.3963541666666667 0.30648148148148147 0.15104166666666666 0.23425925925925925
5 0.67578125 0.37199074074074073 0.09791666666666667 0.2412037037037037
3 0.8001302083333334 0.20856481481481481 0.05078125 0.0875
3 0.13125 0.5414351851851852 0.049479166666666664 0.08009259259259259
2 0.28815104166666666 0.5488425925925926 0.09765625 0.16064814814814815
2 0.26614583333333336 0.16828703703703704 0.07864583333333333 0.14027777777777778
2 0.054036458333333336 0.11481481481481481 0.10286458333333333 0.1675925925925926
1 0.438671875 0.059722222222222225 0.045572916666666664 0.08703703703703704
12 0.5192708333333333 0.3731481481481482 0.07395833333333333 0.125
11 0.5877604166666667 0.17199074074074075 0.15625 0.15601851851851853
10 0.6466145833333333 0.6372685185185185 0.071875 0.13194444444444445
9 0.1921875 0.3386574074074074 0.0578125 0.0912037037037037
