9 0.5740885416666667 0.8101851851851852 0.047135416666666666 0.09814814814814815
9 0.6319010416666667 0.49930555555555556 0.05390625 0.0837962962962963
11 0.23671875 0.4722222222222222 0.15885416666666666 0.08333333333333333
12 0.321875 0.31805555555555554 0.07447916666666667 0.10555555555555556
1 0.358984375 0.6414351851851852 0.046614583333333334 0.08194444444444444
2 0.7286458333333333 0.7738425925925926 0.0859375 0.15601851851851853
3 0.7299479166666667 0.3326388888888889 0.05 0.08287037037037037
3 0.05169270833333333 0.3460648148148148 0.05026041666666667 0.07916666666666666
2 0.5325520833333334 0.61875 0.07291666666666667 0.14675925925925926
2 0.5716145833333334 0.2520833333333333 0.08854166666666667 0.1597222222222222
4 0.8661458333333333 0.6210648148148148 0.08802083333333334 0.24768518518518517
5 0.17799479166666668 0.24699074074074073 0.11744791666666667 0.20972222222222223
6 0.425 0.4305555555555556 0.15104166666666666 0.18333333333333332
8 0.798828125 0.4837962962962963 0.12890625 0.14351851851851852
