12 0.24674479166666666 0.23425925925925925 0.06744791666666666 0.0712962962962963
1 0.230859375 0.5372685185185185 0.045572916666666664 0.07175925925925926
2 0.38697916666666665 0.6074074074074074 0.07916666666666666 0.14722222222222223
2 0.5296875 0.8321759259259259 0.058854166666666666 0.13472222222222222
2 0.47682291666666665 0.31157407407407406 0.071875 0.12037037037037036
3 0.6009114583333334 0.4615740740740741 0.04088541666666667 0.07407407407407407
4 0.6690104166666667 0.7729166666666667 0.1015625 0.19583333333333333
5 0.13020833333333334 0.09328703703703704 0.12916666666666668 0.14953703703703702
6 0.32109375 0.39189814814814816 0.140625 0.10601851851851851
8 0.6282552083333334 0.624537037037037 0.09765625 0.16574074074074074
11 0.14700520833333333 0.3106481481481482 0.14817708333333332 0.11944444444444445
9 0.3921875 0.7907407407407407 0.04791666666666667 0.08425925925925926
9 0.4908854166666667 0.5539351851851851 0.0453125 0.08564814814814815
