7 0.48190104166666664 0.21203703703703702 0.12473958333333333 0.24351851851851852
6 0.3509114583333333 0.48032407407407407 0.14192708333333334 0.15694444444444444
5 0.232421875 0.08148148148148149 0.13411458333333334 0.075
3 0.59296875 0.7166666666666667 0.04114583333333333 0.06944444444444445
2 0.5110677083333334 0.5043981481481481 0.07057291666666667 0.12175925925925926
2 0.367578125 0.7148148148148148 0.08411458333333334 0.15
1 0.23515625 0.5513888888888889 0.044270833333333336 0.07037037037037037
12 0.3145833333333333 0.2877314814814815 0.06927083333333334 0.10231481481481482
11 0.20169270833333333 0.29444444444444445 0.13359375 0.18981481481481483
9 0.47408854166666664 0.73125 0.045572916666666664 0.08842592592592592
9 0.33372395833333335 0.8870370370370371 0.04869791666666667 0.09074074074074075
8 0.5846354166666666 0.8923611111111112 0.07135416666666666 0.19490740740740742
