5 0.7002604166666667 0.2826388888888889 0.08489583333333334 0.2587962962962963
6 0.4161458333333333 0.2914351851851852 0.14270833333333333 0.25416666666666665
7 0.4967447916666667 0.6594907407407408 0.15390625 0.17083333333333334
9 0.21510416666666668 0.37939814814814815 0.05572916666666667 0.09305555555555556
10 0.6920572916666666 0.5585648148148148 0.06953125 0.13194444444444445
11 0.5963541666666666 0.1087962962962963 0.15416666666666667 0.1925925925925926
12 0.542578125 0.3261574074074074 0.07473958333333333 0.13472222222222222
2 0.32591145833333335 0.562962962962963 0.09505208333333333 0.16296296296296298
2 0.275 0.19166666666666668 0.0859375 0.15185185185185185
2 0.06067708333333333 0.19027777777777777 0.10625 0.16666666666666666
3 0.16796875 0.5967592592592592 0.04791666666666667 0.07777777777777778
3 0.8108072916666667 0.08796296296296297 0.05130208333333333 0.08796296296296297
8 0.06640625 0.5032407407407408 0.13072916666666667 0.10462962962962963
