2 0.22669270833333333 0.4583333333333333 0.09140625 0.14814814814814814
2 0.31484375 0.7844907407407408 0.0859375 0.15694444444444444
3 0.7114583333333333 0.1840277777777778 0.046875 0.08194444444444444
3 0.171484375 0.8666666666666667 0.045572916666666664 0.07777777777777778
5 0.6302083333333334 0.4013888888888889 0.053125 0.24259259259259258
6 0.368359375 0.5087962962962963 0.12213541666666666 0.2518518518518518
7 0.4842447916666667 0.8166666666666667 0.14505208333333333 0.20833333333333334
8 0.06575520833333333 0.8171296296296297 0.12578125 0.11666666666666667
9 0.13359375 0.3423611111111111 0.057291666666666664 0.07916666666666666
9 0.19114583333333332 0.6502314814814815 0.0546875 0.0912037037037037
10 0.6537760416666667 0.6560185185185186 0.06848958333333334 0.1259259259259259
11 0.5177083333333333 0.2775462962962963 0.13229166666666667 0.21064814814814814
12 0.490625 0.49189814814814814 0.06614583333333333 0.12731481481481483
1 0.3625 0.2601851851851852 0.04583333333333333 0.08055555555555556
