8 0.8260416666666667 0.6081018518518518 0.12447916666666667 0.16064814814814815
7 0.49700520833333334 0.08449074074074074 0.15442708333333333 0.16712962962962963
6 0.458984375 0.4666666666666667 0.14973958333333334 0.15462962962962962
5 0.22643229166666667 0.21921296296296297 0.12682291666666667 0.19212962962962962
4 0.8830729166666667 0.7641203703703704 0.10416666666666667 0.2412037037037037
3 0.7697916666666667 0.4439814814814815 0.05 0.08148148148148149
3 0.091796875 0.28402777777777777 0.04973958333333333 0.07824074074074074
2 0.619140625 0.32407407407407407 0.08776041666666666 0.14814814814814814
2 0.7345052083333333 0.881712962962963 0.07734375 0.1486111111111111
2 0.5513020833333333 0.6796296296296296 0.07916666666666666 0.15555555555555556
1 0.37552083333333336 0.655787037037037 0.04583333333333333 0.08101851851851852
12 0.36549479166666665 0.32708333333333334 0.07213541666666666 0.09398148148148149
11 0.2671875 0.44189814814814815 0.15885416666666666 0.08287037037037037
9 0.6592447916666667 0.5842592592592593 0.054947916666666666 0.09074074074074075
9 0.5763020833333333 0.8798611111111111 0.050520833333333334 0.09953703703703703
