12 0.6223958333333334 0.3747685185185185 0.065625 0.13472222222222222
1 0.45677083333333335 0.1962962962962963 0.046875 0.08425925925925926
2 0.48046875 0.7548611111111111 0.07604166666666666 0.15601851851851853
2 0.34765625 0.46087962962962964 0.09479166666666666 0.16342592592592592
2 0.15598958333333332 0.6238425925925926 0.10052083333333334 0.1550925925925926
3 0.34518229166666664 0.9074074074074074 0.048177083333333336 0.08425925925925926
5 0.7578125 0.21342592592592594 0.043229166666666666 0.2638888888888889
6 0.500390625 0.4446759259259259 0.10078125 0.274537037037037
7 0.6653645833333334 0.7155092592592592 0.15104166666666666 0.2523148148148148
8 0.23346354166666666 0.8944444444444445 0.12369791666666667 0.14351851851851852
9 0.3365885416666667 0.6738425925925926 0.055989583333333336 0.09212962962962963
9 0.23736979166666666 0.3854166666666667 0.05755208333333333 0.09027777777777778
10 0.8190104166666666 0.4703703703703704 0.08229166666666667 0.12129629629629629
11 0.6234375 0.1414351851851852 0.12447916666666667 0.2671296296296296
