12 0.19830729166666666 0.06712962962962964 0.07317708333333334 0.1037037037037037
11 0.12161458333333333 0.22106481481481483 0.15208333333333332 0.07824074074074074
9 0.444921875 0.5270833333333333 0.04401041666666667 0.08657407407407407
9 0.4942708333333333 0.23310185185185187 0.04791666666666667 0.08101851851851852
8 0.6451822916666666 0.2076388888888889 0.11484375 0.13564814814814816
6 0.2970052083333333 0.16597222222222222 0.14817708333333332 0.18101851851851852
4 0.710546875 0.33449074074074076 0.07578125 0.2310185185185185
3 0.5833333333333334 0.07152777777777777 0.041666666666666664 0.07824074074074074
2 0.5859375 0.4849537037037037 0.071875 0.13564814814814816
2 0.40403645833333335 0.3486111111111111 0.06796875 0.1287037037037037
1 0.241796875 0.3784722222222222 0.04609375 0.07175925925925926
