7 0.5716145833333334 0.6641203703703704 0.15625 0.2050925925925926
6 0.453125 0.32407407407407407 0.12916666666666668 0.26851851851851855
5 0.7346354166666667 0.22291666666666668 0.0640625 0.2625
3 0.23489583333333333 0.705324074074074 0.0484375 0.08194444444444444
2 0.38984375 0.6206018518518519 0.08854166666666667 0.16157407407407406
2 0.3040364583333333 0.26944444444444443 0.09296875 0.15925925925925927
2 0.09166666666666666 0.3368055555555556 0.10729166666666666 0.16342592592592592
1 0.4485677083333333 0.06481481481481481 0.046614583333333334 0.08888888888888889
12 0.5817708333333333 0.3164351851851852 0.0734375 0.13842592592592592
10 0.7545572916666666 0.49930555555555556 0.07682291666666667 0.13194444444444445
9 0.2615885416666667 0.4740740740740741 0.05651041666666667 0.0962962962962963
9 0.20651041666666667 0.14421296296296296 0.058333333333333334 0.09305555555555556
8 0.12356770833333333 0.6393518518518518 0.13255208333333332 0.1175925925925926
4 0.03372395833333333 0.600462962962963 0.06744791666666666 0.2462962962962963
