1 0.362109375 0.7261574074074074 0.047135416666666666 0.08101851851851852
2 0.6364583333333333 0.4895833333333333 0.08177083333333333 0.13194444444444445
2 0.5319010416666666 0.8104166666666667 0.08567708333333333 0.17083333333333334
3 0.7705729166666667 0.6576388888888889 0.0484375 0.0837962962962963
3 0.121484375 0.26319444444444445 0.04921875 0.07916666666666666
5 0.26328125 0.24861111111111112 0.1375 0.1537037037037037
6 0.465234375 0.5729166666666666 0.14296875 0.11527777777777778
7 0.5463541666666667 0.2064814814814815 0.1546875 0.2101851851851852
8 0.8048177083333333 0.844212962962963 0.10963541666666667 0.1865740740740741
9 0.648046875 0.75625 0.05286458333333333 0.09861111111111111
11 0.27786458333333336 0.48194444444444445 0.1578125 0.12962962962962962
12 0.38828125 0.4041666666666667 0.06666666666666667 0.07685185185185185
