8 0.11236979166666666 0.21458333333333332 0.09296875 0.1986111111111111
9 0.2484375 0.3548611111111111 0.051041666666666666 0.08935185185185185
9 0.38723958333333336 0.14930555555555555 0.053125 0.09027777777777778
11 0.5595052083333333 0.762962962962963 0.13828125 0.17685185185185184
12 0.44375 0.7914351851851852 0.06822916666666666 0.09861111111111111
1 0.515625 0.49745370370370373 0.0421875 0.07546296296296297
2 0.36276041666666664 0.350462962962963 0.090625 0.15648148148148147
2 0.22669270833333333 0.6085648148148148 0.08046875 0.11712962962962963
3 0.12708333333333333 0.39652777777777776 0.04791666666666667 0.07453703703703704
6 0.38971354166666666 0.6055555555555555 0.14505208333333333 0.14537037037037037
