1 0.18541666666666667 0.4724537037037037 0.04895833333333333 0.07546296296296297
2 0.13515625 0.7652777777777777 0.09739583333333333 0.15833333333333333
3 0.4510416666666667 0.07592592592592592 0.043229166666666666 0.08611111111111111
5 0.45026041666666666 0.33449074074074076 0.07760416666666667 0.2375
6 0.2643229166666667 0.6729166666666667 0.06979166666666667 0.2523148148148148
7 0.45286458333333335 0.8238425925925926 0.1140625 0.2726851851851852
9 0.1640625 0.9567129629629629 0.05520833333333333 0.08472222222222223
10 0.5471354166666667 0.5268518518518519 0.06770833333333333 0.11944444444444445
11 0.32278645833333336 0.3449074074074074 0.07369791666666667 0.26481481481481484
12 0.36041666666666666 0.544212962962963 0.043229166666666666 0.11805555555555555
