12 0.17786458333333333 0.6960648148148149 0.06510416666666667 0.12824074074074074
1 0.33294270833333334 0.8738425925925926 0.045572916666666664 0.08472222222222223
2 0.4401041666666667 0.6414351851851852 0.0890625 0.16435185185185186
2 0.6391927083333333 0.5006944444444444 0.09088541666666666 0.15694444444444444
2 0.319140625 0.33935185185185185 0.08098958333333334 0.14537037037037037
3 0.4610677083333333 0.1925925925925926 0.04453125 0.08148148148148149
4 0.6720052083333333 0.21412037037037038 0.08567708333333333 0.2523148148148148
5 0.06106770833333333 0.8212962962962963 0.047135416666666666 0.23981481481481481
6 0.28932291666666665 0.6467592592592593 0.1109375 0.26666666666666666
7 0.13919270833333333 0.37060185185185185 0.15494791666666666 0.23194444444444445
8 0.5671875 0.21851851851851853 0.1234375 0.14351851851851852
9 0.46067708333333335 0.4324074074074074 0.0515625 0.08796296296296297
9 0.5473958333333333 0.7233796296296297 0.051041666666666666 0.09305555555555556
11 0.178125 0.8946759259259259 0.11770833333333333 0.20879629629629629
