2 0.6815104166666667 0.20787037037037037 0.08489583333333334 0.14537037037037037
2 0.5104166666666666 0.5828703703703704 0.08125 0.14537037037037037
2 0.24401041666666667 0.6381944444444444 0.07135416666666666 0.12731481481481483
12 0.5888020833333333 0.7486111111111111 0.06927083333333334 0.12129629629629629
8 0.47369791666666666 0.3560185185185185 0.0734375 0.19444444444444445
5 0.78359375 0.33032407407407405 0.0515625 0.21805555555555556
11 0.15625 0.337037037037037 0.15 0.12129629629629629
6 0.3546875 0.14097222222222222 0.12708333333333333 0.2310185185185185
7 0.39609375 0.8194444444444444 0.1390625 0.225
0 0.36744791666666665 0.47962962962962963 0.04010416666666667 0.2074074074074074
0 0.64375 0.44814814814814813 0.065625 0.19537037037037036
9 0.28515625 0.9074074074074074 0.0546875 0.08888888888888889
9 0.8453125 0.2912037037037037 0.057291666666666664 0.08703703703703704
10 0.11822916666666666 0.5849537037037037 0.07604166666666666 0.12731481481481483
10 0.55234375 0.1597222222222222 0.0640625 0.11851851851851852
