0 0.409375 0.3578703703703704 0.115625 0.08425925925925926
0 0.46484375 0.8592592592592593 0.1078125 0.14907407407407408
1 0.8177083333333334 0.6530092592592592 0.046875 0.0763888888888889
6 0.5955729166666667 0.2951388888888889 0.11614583333333334 0.24861111111111112
3 0.7408854166666666 0.7319444444444444 0.0453125 0.07407407407407407
12 0.2786458333333333 0.7775462962962963 0.071875 0.12731481481481483
8 0.48776041666666664 0.5233796296296296 0.1078125 0.14027777777777778
9 0.17473958333333334 0.2851851851851852 0.05364583333333333 0.08703703703703704
7 0.22447916666666667 0.4462962962962963 0.12291666666666666 0.25092592592592594
7 0.71953125 0.4756944444444444 0.08697916666666666 0.2310185185185185
10 0.6182291666666667 0.6412037037037037 0.0625 0.1175925925925926
2 0.31223958333333335 0.1840277777777778 0.07552083333333333 0.12916666666666668
2 0.365625 0.6131944444444445 0.08229166666666667 0.14027777777777778
2 0.6091145833333333 0.892824074074074 0.08802083333333334 0.15694444444444444
