0 0.42291666666666666 0.3425925925925926 0.115625 0.06481481481481481
0 0.44479166666666664 0.8513888888888889 0.115625 0.12962962962962962
1 0.8098958333333334 0.7201388888888889 0.046875 0.07361111111111111
3 0.72734375 0.7842592592592592 0.044270833333333336 0.07777777777777778
12 0.26510416666666664 0.7284722222222222 0.06875 0.12453703703703704
8 0.490625 0.5236111111111111 0.1125 0.12314814814814815
9 0.19739583333333333 0.2196759259259259 0.05 0.0875
7 0.23385416666666667 0.3939814814814815 0.13229166666666667 0.2388888888888889
7 0.7247395833333333 0.5206018518518518 0.0765625 0.22824074074074074
10 0.6119791666666666 0.669212962962963 0.065625 0.11435185185185186
2 0.33645833333333336 0.14907407407407408 0.06770833333333333 0.11481481481481481
2 0.36432291666666666 0.5888888888888889 0.08385416666666666 0.1388888888888889
2 0.5846354166666666 0.9141203703703704 0.08489583333333334 0.15601851851851853
6 0.6104166666666667 0.3173611111111111 0.12291666666666666 0.22824074074074074
