2 0.7169270833333333 0.5398148148148149 0.08385416666666666 0.14814814814814814
2 0.49921875 0.32337962962962963 0.07447916666666667 0.1310185185185185
2 0.23229166666666667 0.4324074074074074 0.078125 0.12222222222222222
1 0.16901041666666666 0.875462962962963 0.04739583333333333 0.07685185185185185
12 0.49322916666666666 0.13657407407407407 0.05416666666666667 0.07592592592592592
3 0.19635416666666666 0.7157407407407408 0.04375 0.06944444444444445
8 0.45859375 0.5331018518518519 0.06197916666666667 0.1875
5 0.19635416666666666 0.23194444444444445 0.09270833333333334 0.2074074074074074
11 0.7013020833333333 0.868287037037037 0.1140625 0.2337962962962963
6 0.47604166666666664 0.8375 0.07604166666666666 0.2537037037037037
7 0.30755208333333334 0.8726851851851852 0.14010416666666667 0.20555555555555555
0 0.35130208333333335 0.2912037037037037 0.0453125 0.20555555555555555
0 0.578125 0.5474537037037037 0.06354166666666666 0.1986111111111111
9 0.13072916666666667 0.19745370370370371 0.052083333333333336 0.08287037037037037
9 0.7580729166666667 0.3060185185185185 0.04739583333333333 0.08518518518518518
10 0.3177083333333333 0.6194444444444445 0.06875 0.10740740740740741
10 0.7955729166666666 0.7064814814814815 0.07239583333333334 0.1037037037037037
