0 0.32760416666666664 0.36527777777777776 0.034375 0.2111111111111111
0 0.5846354166666666 0.5266203703703703 0.04114583333333333 0.20601851851851852
6 0.525 0.8548611111111111 0.10208333333333333 0.2587962962962963
3 0.23098958333333333 0.8513888888888889 0.044270833333333336 0.07407407407407407
12 0.45234375 0.17476851851851852 0.0609375 0.09490740740740741
8 0.46510416666666665 0.5645833333333333 0.053125 0.1912037037037037
11 0.7440104166666667 0.79375 0.13177083333333334 0.19953703703703704
5 0.16484375 0.368287037037037 0.07135416666666666 0.22916666666666666
9 0.09427083333333333 0.3608796296296296 0.05520833333333333 0.08564814814814815
9 0.7299479166666667 0.2175925925925926 0.049479166666666664 0.09166666666666666
7 0.6247395833333333 0.2099537037037037 0.1078125 0.24583333333333332
7 0.36171875 0.9335648148148148 0.1453125 0.12731481481481483
10 0.3385416666666667 0.6993055555555555 0.06145833333333333 0.12361111111111112
10 0.8166666666666667 0.5928240740740741 0.07083333333333333 0.11342592592592593
2 0.228125 0.5601851851851852 0.08645833333333333 0.15092592592592594
2 0.71875 0.4650462962962963 0.08020833333333334 0.1300925925925926
2 0.4791666666666667 0.33912037037037035 0.08229166666666667 0.1412037037037037
