0 0.4315104166666667 0.337037037037037 0.1171875 0.058333333333333334
0 0.43203125 0.8474537037037037 0.1171875 0.11712962962962963
1 0.8033854166666666 0.7625 0.049479166666666664 0.07037037037037037
6 0.62109375 0.33125 0.12760416666666666 0.21805555555555556
3 0.7190104166666667 0.8159722222222222 0.044270833333333336 0.08009259259259259
12 0.2578125 0.7018518518518518 0.06666666666666667 0.12407407407407407
8 0.4934895833333333 0.5231481481481481 0.1140625 0.11851851851851852
9 0.21171875 0.18518518518518517 0.04739583333333333 0.08796296296296297
7 0.24114583333333334 0.3611111111111111 0.13645833333333332 0.2388888888888889
7 0.7247395833333333 0.55625 0.06302083333333333 0.23194444444444445
10 0.6065104166666667 0.6865740740740741 0.0671875 0.1111111111111111
2 0.3528645833333333 0.13078703703703703 0.0671875 0.11712962962962963
2 0.3625 0.5719907407407407 0.08333333333333333 0.13935185185185187
2 0.5690104166666666 0.9219907407407407 0.08489583333333334 0.14583333333333334
