2 0.24322916666666666 0.41412037037037036 0.08645833333333333 0.15138888888888888
2 0.4778645833333333 0.6222222222222222 0.0765625 0.13518518518518519
2 0.7450520833333333 0.47337962962962965 0.0828125 0.12731481481481483
1 0.7690104166666667 0.06365740740740741 0.044270833333333336 0.0763888888888889
12 0.4921875 0.8456018518518519 0.0625 0.08564814814814815
3 0.7578125 0.2111111111111111 0.04375 0.075
8 0.5140625 0.3997685185185185 0.06041666666666667 0.1875
5 0.796875 0.6840277777777778 0.08125 0.21712962962962962
11 0.26197916666666665 0.1076388888888889 0.1125 0.21157407407407408
6 0.484375 0.1224537037037037 0.08020833333333334 0.24305555555555555
7 0.6419270833333334 0.08819444444444445 0.1359375 0.1726851851851852
7 0.31223958333333335 0.7113425925925926 0.09635416666666667 0.25972222222222224
0 0.39010416666666664 0.4013888888888889 0.06041666666666667 0.19444444444444445
0 0.6359375 0.6416666666666667 0.035416666666666666 0.2111111111111111
9 0.19609375 0.6800925925925926 0.0515625 0.08888888888888889
9 0.8658854166666666 0.7131944444444445 0.05260416666666667 0.08194444444444444
10 0.16302083333333334 0.26342592592592595 0.075 0.12037037037037036
10 0.6463541666666667 0.3108796296296296 0.06666666666666667 0.1162037037037037
