2 0.5640625 0.37916666666666665 0.08020833333333334 0.15185185185185185
2 0.4825520833333333 0.8238425925925926 0.0828125 0.1449074074074074
12 0.6729166666666667 0.3296296296296296 0.051041666666666666 0.11666666666666667
11 0.28177083333333336 0.8553240740740741 0.125 0.23564814814814813
6 0.26510416666666664 0.4289351851851852 0.14791666666666667 0.1763888888888889
10 0.36223958333333334 0.13125 0.06510416666666667 0.1162037037037037
7 0.6393229166666666 0.6442129629629629 0.14427083333333332 0.1884259259259259
7 0.22395833333333334 0.15925925925925927 0.109375 0.2537037037037037
9 0.6364583333333333 0.8592592592592593 0.05 0.09166666666666666
0 0.54921875 0.12430555555555556 0.11510416666666666 0.06898148148148148
0 0.4513020833333333 0.5659722222222222 0.1203125 0.0837962962962963
8 0.4322916666666667 0.3425925925925926 0.109375 0.09907407407407408
