0 0.39557291666666666 0.36226851851851855 0.10572916666666667 0.1300925925925926
0 0.5244791666666667 0.8217592592592593 0.08958333333333333 0.18425925925925926
1 0.8299479166666667 0.46111111111111114 0.044270833333333336 0.07314814814814814
6 0.5661458333333333 0.2196759259259259 0.09375 0.25972222222222224
3 0.76953125 0.5736111111111111 0.043229166666666666 0.075
12 0.33098958333333334 0.8277777777777777 0.07552083333333333 0.11388888888888889
8 0.496875 0.4930555555555556 0.09895833333333333 0.15092592592592594
9 0.15260416666666668 0.394212962962963 0.058333333333333334 0.08009259259259259
7 0.22786458333333334 0.5314814814814814 0.1015625 0.25555555555555554
7 0.7135416666666666 0.33819444444444446 0.11041666666666666 0.2439814814814815
10 0.6380208333333334 0.5449074074074074 0.06354166666666666 0.12037037037037036
2 0.271875 0.2324074074074074 0.084375 0.14537037037037037
2 0.39088541666666665 0.6291666666666667 0.0765625 0.12129629629629629
2 0.6666666666666666 0.7863425925925925 0.08333333333333333 0.1412037037037037
