12 0.30546875 0.19745370370370371 0.06197916666666667 0.11805555555555555
11 0.759375 0.35324074074074074 0.140625 0.07314814814814814
10 0.7411458333333333 0.13472222222222222 0.06666666666666667 0.10925925925925926
10 0.42994791666666665 0.7453703703703703 0.06614583333333333 0.10462962962962963
9 0.10885416666666667 0.7789351851851852 0.057291666666666664 0.08287037037037037
8 0.46901041666666665 0.4949074074074074 0.08072916666666667 0.18055555555555555
7 0.4669270833333333 0.07546296296296297 0.13072916666666667 0.15092592592592594
7 0.5416666666666666 0.9023148148148148 0.1375 0.17592592592592593
6 0.6229166666666667 0.6425925925925926 0.13854166666666667 0.17777777777777778
5 0.16796875 0.700462962962963 0.0765625 0.22777777777777777
2 0.6276041666666666 0.14328703703703705 0.075 0.14027777777777778
2 0.403125 0.3111111111111111 0.06979166666666667 0.13425925925925927
2 0.2908854166666667 0.7694444444444445 0.08489583333333334 0.15092592592592594
0 0.28880208333333335 0.5138888888888888 0.09427083333333333 0.16666666666666666
0 0.5505208333333333 0.33564814814814814 0.06770833333333333 0.18981481481481483
