2 0.5653645833333333 0.37453703703703706 0.07864583333333333 0.15092592592592594
2 0.47161458333333334 0.8118055555555556 0.08177083333333333 0.14305555555555555
12 0.6747395833333333 0.33402777777777776 0.049479166666666664 0.11342592592592593
11 0.271875 0.8266203703703704 0.13020833333333334 0.2337962962962963
6 0.2671875 0.4011574074074074 0.15 0.1726851851851852
10 0.37135416666666665 0.11550925925925926 0.06354166666666666 0.12083333333333333
7 0.6328125 0.6439814814814815 0.14270833333333333 0.18055555555555555
7 0.23151041666666666 0.13148148148148148 0.1109375 0.25462962962962965
9 0.6239583333333333 0.8629629629629629 0.052083333333333336 0.08888888888888889
0 0.4479166666666667 0.5509259259259259 0.11770833333333333 0.08703703703703704
0 0.5565104166666667 0.12106481481481482 0.11510416666666666 0.06620370370370371
8 0.4348958333333333 0.3277777777777778 0.109375 0.10092592592592593
