2 0.24375 0.3752314814814815 0.08854166666666667 0.15416666666666667
2 0.46484375 0.6212962962962963 0.07552083333333333 0.13148148148148148
2 0.7385416666666667 0.518287037037037 0.08125 0.11805555555555555
1 0.78671875 0.10972222222222222 0.043229166666666666 0.075
12 0.46822916666666664 0.8425925925925926 0.06145833333333333 0.07407407407407407
3 0.7669270833333334 0.2511574074074074 0.04114583333333333 0.07175925925925926
8 0.5125 0.40578703703703706 0.06666666666666667 0.1912037037037037
5 0.7802083333333333 0.7349537037037037 0.09166666666666666 0.21435185185185185
6 0.49973958333333335 0.1224537037037037 0.06822916666666666 0.2412037037037037
7 0.6578125 0.1011574074074074 0.13333333333333333 0.2023148148148148
7 0.2955729166666667 0.6791666666666667 0.0859375 0.25277777777777777
0 0.390625 0.3840277777777778 0.07083333333333333 0.18935185185185185
0 0.62578125 0.6664351851851852 0.03802083333333333 0.21342592592592594
9 0.18307291666666667 0.6287037037037037 0.0515625 0.08703703703703704
9 0.8489583333333334 0.7743055555555556 0.05625 0.08194444444444444
10 0.17291666666666666 0.2127314814814815 0.07291666666666667 0.11157407407407408
10 0.6513020833333333 0.33611111111111114 0.06822916666666666 0.10555555555555556
