2 0.6989583333333333 0.24861111111111112 0.08333333333333333 0.14814814814814814
2 0.503125 0.5898148148148148 0.08541666666666667 0.14537037037037037
2 0.23385416666666667 0.5944444444444444 0.075 0.12037037037037036
12 0.5721354166666667 0.7701388888888889 0.06927083333333334 0.11435185185185186
8 0.48020833333333335 0.3574074074074074 0.065625 0.19722222222222222
5 0.7932291666666667 0.3923611111111111 0.03958333333333333 0.21805555555555556
11 0.16979166666666667 0.2814814814814815 0.14791666666666667 0.14814814814814814
6 0.37786458333333334 0.1284722222222222 0.1203125 0.24861111111111112
7 0.3768229166666667 0.8020833333333334 0.1359375 0.2375
0 0.3690104166666667 0.4599537037037037 0.0359375 0.2050925925925926
0 0.646875 0.480787037037037 0.05416666666666667 0.19768518518518519
9 0.2625 0.8696759259259259 0.05520833333333333 0.08287037037037037
9 0.8575520833333333 0.36226851851851855 0.0546875 0.08472222222222223
10 0.11796875 0.5203703703703704 0.07239583333333334 0.1361111111111111
10 0.5731770833333333 0.1787037037037037 0.06302083333333333 0.12037037037037036
