12 0.2875 0.30162037037037037 0.05416666666666667 0.11712962962962963
7 0.42135416666666664 0.08981481481481482 0.128125 0.13240740740740742
6 0.6669270833333333 0.5715277777777777 0.13802083333333334 0.12453703703703704
0 0.546875 0.3164351851851852 0.09270833333333334 0.16064814814814815
0 0.3260416666666667 0.6199074074074075 0.11354166666666667 0.12407407407407407
2 0.3703125 0.8652777777777778 0.07083333333333333 0.13148148148148148
2 0.5888020833333333 0.09375 0.07864583333333333 0.1476851851851852
2 0.40260416666666665 0.36435185185185187 0.057291666666666664 0.11851851851851852
5 0.23880208333333333 0.8631944444444445 0.10572916666666667 0.21435185185185185
7 0.6330729166666667 0.8627314814814815 0.13385416666666666 0.2152777777777778
8 0.49973958333333335 0.5018518518518519 0.09739583333333333 0.15092592592592594
10 0.5010416666666667 0.7689814814814815 0.0625 0.11481481481481481
11 0.74609375 0.22800925925925927 0.1359375 0.12083333333333333
