2 0.46041666666666664 0.08032407407407408 0.07395833333333333 0.1412037037037037
2 0.37005208333333334 0.4791666666666667 0.07760416666666667 0.14722222222222223
2 0.4796875 0.9349537037037037 0.07604166666666666 0.12453703703703704
1 0.7346354166666667 0.9629629629629629 0.04739583333333333 0.06574074074074074
3 0.6432291666666666 0.9555555555555556 0.041666666666666664 0.08055555555555556
0 0.48515625 0.31296296296296294 0.11302083333333333 0.09444444444444444
0 0.3736979166666667 0.7768518518518519 0.1234375 0.06481481481481481
6 0.659375 0.4398148148148148 0.14166666666666666 0.1648148148148148
7 0.3065104166666667 0.2127314814814815 0.14114583333333333 0.18472222222222223
7 0.70625 0.7212962962962963 0.10416666666666667 0.23981481481481481
8 0.49973958333333335 0.5206018518518518 0.10677083333333333 0.09768518518518518
9 0.32135416666666666 0.04189814814814815 0.04791666666666667 0.08194444444444444
10 0.5671875 0.7525462962962963 0.06666666666666667 0.11342592592592593
12 0.25052083333333336 0.5231481481481481 0.05 0.11481481481481481
