2 0.25755208333333335 0.26458333333333334 0.07239583333333334 0.11805555555555555
2 0.5403645833333334 0.2462962962962963 0.07135416666666666 0.12314814814814815
2 0.7408854166666666 0.5421296296296296 0.09322916666666667 0.15
0 0.38619791666666664 0.15949074074074074 0.0578125 0.20416666666666666
0 0.5955729166666667 0.4965277777777778 0.08177083333333333 0.18564814814814815
1 0.14010416666666667 0.6796296296296296 0.04791666666666667 0.07777777777777778
3 0.18697916666666667 0.5270833333333333 0.04791666666666667 0.07731481481481481
8 0.4739583333333333 0.43194444444444446 0.07708333333333334 0.19074074074074074
6 0.45677083333333335 0.7502314814814814 0.05625 0.24861111111111112
12 0.5559895833333334 0.050462962962962966 0.059895833333333336 0.08703703703703704
9 0.80859375 0.3212962962962963 0.0515625 0.08796296296296297
7 0.7065104166666667 0.23333333333333334 0.07552083333333333 0.2518518518518518
7 0.28046875 0.7240740740740741 0.13697916666666668 0.2361111111111111
10 0.32265625 0.47291666666666665 0.06927083333333334 0.1125
10 0.8067708333333333 0.7423611111111111 0.07708333333333334 0.1125
5 0.24765625 0.0775462962962963 0.1109375 0.1550925925925926
11 0.690625 0.8712962962962963 0.10208333333333333 0.2518518518518518
