0 0.47760416666666666 0.31157407407407406 0.11354166666666667 0.07777777777777778
0 0.38046875 0.7921296296296296 0.12239583333333333 0.06388888888888888
1 0.7473958333333334 0.944212962962963 0.04375 0.0763888888888889
6 0.6559895833333333 0.41944444444444445 0.14114583333333333 0.17777777777777778
3 0.6565104166666667 0.9393518518518519 0.043229166666666666 0.07962962962962963
12 0.24869791666666666 0.5467592592592593 0.05364583333333333 0.11666666666666667
8 0.5005208333333333 0.5192129629629629 0.109375 0.09490740740740741
9 0.30572916666666666 0.05185185185185185 0.04791666666666667 0.08981481481481482
7 0.29765625 0.22662037037037036 0.14427083333333332 0.1986111111111111
7 0.7122395833333334 0.6974537037037037 0.09947916666666666 0.2439814814814815
10 0.57265625 0.742824074074074 0.07239583333333334 0.10972222222222222
2 0.44557291666666665 0.0798611111111111 0.0765625 0.13842592592592592
2 0.36770833333333336 0.49189814814814814 0.08020833333333334 0.1412037037037037
2 0.49270833333333336 0.9344907407407408 0.08125 0.12546296296296297
