2 0.5770833333333333 0.37037037037037035 0.08333333333333333 0.14814814814814814
2 0.5940104166666667 0.8372685185185185 0.07135416666666666 0.1125
12 0.6671875 0.25972222222222224 0.06354166666666666 0.12222222222222222
3 0.22994791666666667 0.1412037037037037 0.0421875 0.0787037037037037
6 0.30911458333333336 0.606712962962963 0.14010416666666667 0.2300925925925926
10 0.33697916666666666 0.2601851851851852 0.065625 0.1175925925925926
7 0.7028645833333333 0.5706018518518519 0.13177083333333334 0.23472222222222222
7 0.20963541666666666 0.3736111111111111 0.0765625 0.24166666666666667
9 0.7424479166666667 0.7733796296296296 0.0515625 0.09398148148148149
1 0.14296875 0.18356481481481482 0.044270833333333336 0.07916666666666666
0 0.5098958333333333 0.6099537037037037 0.12083333333333333 0.06898148148148148
0 0.50859375 0.1372685185185185 0.11197916666666667 0.09861111111111111
8 0.44895833333333335 0.412962962962963 0.11354166666666667 0.1175925925925926
