2 0.6247395833333333 0.075 0.07447916666666667 0.14814814814814814
2 0.5286458333333334 0.5212962962962963 0.071875 0.13240740740740742
2 0.28671875 0.7275462962962963 0.08385416666666666 0.15231481481481482
12 0.6317708333333333 0.6342592592592593 0.06354166666666666 0.12129629629629629
8 0.45989583333333334 0.33101851851851855 0.084375 0.1787037037037037
5 0.7408854166666666 0.13425925925925927 0.08177083333333333 0.21296296296296297
11 0.14348958333333334 0.49699074074074073 0.15989583333333332 0.08194444444444444
6 0.3 0.1875 0.14375 0.19907407407407407
7 0.4666666666666667 0.8094907407407408 0.14479166666666668 0.1736111111111111
0 0.63125 0.3196759259259259 0.09166666666666666 0.15787037037037038
0 0.37473958333333335 0.5064814814814815 0.07135416666666666 0.19537037037037036
9 0.3765625 0.950925925925926 0.04791666666666667 0.08981481481481482
9 0.7895833333333333 0.06967592592592593 0.052083333333333336 0.08194444444444444
10 0.15494791666666666 0.7502314814814814 0.0796875 0.11064814814814815
10 0.49296875 0.09837962962962964 0.06510416666666667 0.11342592592592593
