2 0.7453125 0.47685185185185186 0.0875 0.14629629629629629
2 0.5263020833333333 0.22916666666666666 0.0734375 0.13425925925925927
2 0.24609375 0.30300925925925926 0.07447916666666667 0.12268518518518519
5 0.22005208333333334 0.10208333333333333 0.10052083333333334 0.20046296296296295
1 0.15625 0.7467592592592592 0.05 0.07777777777777778
3 0.19322916666666667 0.5854166666666667 0.04583333333333333 0.07731481481481481
12 0.5286458333333334 0.03356481481481482 0.057291666666666664 0.06527777777777778
11 0.7174479166666666 0.8203703703703704 0.11510416666666666 0.2490740740740741
0 0.3729166666666667 0.1726851851851852 0.051041666666666666 0.20555555555555555
0 0.5984375 0.4650462962962963 0.07083333333333333 0.19768518518518519
6 0.48072916666666665 0.7462962962962963 0.07083333333333333 0.26296296296296295
8 0.47421875 0.42824074074074076 0.0671875 0.1935185185185185
9 0.15703125 0.0587962962962963 0.05364583333333333 0.08796296296296297
9 0.7947916666666667 0.24861111111111112 0.05 0.09074074074074075
10 0.3260416666666667 0.4986111111111111 0.07291666666666667 0.10648148148148148
10 0.8231770833333333 0.6620370370370371 0.07864583333333333 0.10555555555555556
7 0.3020833333333333 0.756712962962963 0.14375 0.2263888888888889
7 0.6901041666666666 0.18333333333333332 0.08645833333333333 0.2537037037037037
