0 0.42864583333333334 0.3386574074074074 0.11666666666666667 0.055092592592592596
0 0.4361979166666667 0.8481481481481481 0.11614583333333334 0.12037037037037036
1 0.80625 0.7497685185185186 0.046875 0.0763888888888889
6 0.6177083333333333 0.32523148148148145 0.12291666666666666 0.21805555555555556
3 0.7223958333333333 0.8043981481481481 0.04583333333333333 0.08101851851851852
12 0.2598958333333333 0.7118055555555556 0.06875 0.12268518518518519
8 0.49140625 0.5226851851851851 0.11302083333333333 0.125
9 0.20651041666666667 0.19745370370370371 0.04739583333333333 0.09490740740740741
7 0.23932291666666666 0.3726851851851852 0.13385416666666666 0.24166666666666667
7 0.7252604166666666 0.5453703703703704 0.06822916666666666 0.22037037037037038
10 0.6078125 0.680324074074074 0.065625 0.11064814814814815
2 0.34817708333333336 0.13703703703703704 0.06614583333333333 0.11851851851851852
2 0.36328125 0.5780092592592593 0.0828125 0.14305555555555555
2 0.5755208333333334 0.9180555555555555 0.08229166666666667 0.15555555555555556
