12 0.37526041666666665 0.1960648148148148 0.06822916666666666 0.10972222222222222
11 0.7638020833333333 0.6412037037037037 0.14322916666666666 0.13333333333333333
10 0.3658854166666667 0.7803240740740741 0.0640625 0.12175925925925926
10 0.7971354166666667 0.4081018518518518 0.0671875 0.11342592592592593
9 0.6513020833333333 0.10069444444444445 0.04739583333333333 0.08101851851851852
9 0.06276041666666667 0.5956018518518519 0.05677083333333333 0.0837962962962963
8 0.46119791666666665 0.5770833333333333 0.06614583333333333 0.1986111111111111
7 0.55234375 0.15347222222222223 0.12447916666666667 0.2300925925925926
6 0.5700520833333333 0.81875 0.12760416666666666 0.23194444444444445
5 0.13515625 0.5606481481481481 0.03802083333333333 0.22870370370370371
2 0.23203125 0.7074074074074074 0.0921875 0.1527777777777778
2 0.4359375 0.3509259259259259 0.078125 0.14537037037037037
2 0.6848958333333334 0.33958333333333335 0.0625 0.11435185185185186
0 0.5671875 0.4738425925925926 0.034375 0.20694444444444443
0 0.29140625 0.4634259259259259 0.05260416666666667 0.20833333333333334
