2 0.6216145833333333 0.07453703703703704 0.07447916666666667 0.14351851851851852
2 0.52734375 0.5171296296296296 0.07239583333333334 0.13425925925925927
2 0.28515625 0.7180555555555556 0.08072916666666667 0.15092592592592594
12 0.6260416666666667 0.6229166666666667 0.06354166666666666 0.12824074074074074
8 0.45807291666666666 0.3287037037037037 0.0828125 0.1814814814814815
5 0.7388020833333333 0.13472222222222222 0.0796875 0.21388888888888888
11 0.14661458333333333 0.49212962962962964 0.15677083333333333 0.07777777777777778
6 0.29973958333333334 0.18356481481481482 0.1453125 0.19953703703703704
7 0.46484375 0.8030092592592593 0.14635416666666667 0.17453703703703705
0 0.37395833333333334 0.5034722222222222 0.07291666666666667 0.1912037037037037
0 0.6296875 0.31689814814814815 0.090625 0.15787037037037038
9 0.3768229166666667 0.9476851851851852 0.04739583333333333 0.09444444444444444
9 0.7869791666666667 0.06550925925925925 0.051041666666666666 0.0837962962962963
10 0.49322916666666666 0.09583333333333334 0.06354166666666666 0.11481481481481481
10 0.15494791666666666 0.7418981481481481 0.0796875 0.10972222222222222
