2 0.6932291666666667 0.2324074074074074 0.084375 0.14722222222222223
2 0.50625 0.5877314814814815 0.08020833333333334 0.1449074074074074
2 0.23932291666666666 0.6085648148148148 0.06927083333333334 0.12175925925925926
12 0.5786458333333333 0.7620370370370371 0.06770833333333333 0.11851851851851852
8 0.4778645833333333 0.3578703703703704 0.06822916666666666 0.19814814814814816
5 0.7901041666666667 0.37175925925925923 0.04479166666666667 0.22407407407407406
11 0.16328125 0.29976851851851855 0.14947916666666666 0.1412037037037037
6 0.36953125 0.12824074074074074 0.12239583333333333 0.23703703703703705
7 0.38307291666666665 0.8085648148148148 0.13697916666666668 0.23287037037037037
0 0.36875 0.4652777777777778 0.034375 0.20833333333333334
0 0.6458333333333334 0.46828703703703706 0.059375 0.1986111111111111
9 0.26979166666666665 0.8854166666666666 0.057291666666666664 0.08657407407407407
9 0.8541666666666666 0.33564814814814814 0.05520833333333333 0.08333333333333333
10 0.11666666666666667 0.5398148148148149 0.07395833333333333 0.13240740740740742
10 0.5661458333333333 0.1726851851851852 0.06145833333333333 0.12037037037037036
