7 0.63046875 0.11203703703703703 0.1109375 0.2222222222222222
7 0.3609375 0.8543981481481482 0.15208333333333332 0.17824074074074073
12 0.44947916666666665 0.03796296296296296 0.06354166666666666 0.07222222222222222
0 0.32369791666666664 0.2511574074074074 0.0359375 0.2162037037037037
0 0.5934895833333333 0.41064814814814815 0.04114583333333333 0.21296296296296297
11 0.76328125 0.6865740740740741 0.14114583333333333 0.2
5 0.16067708333333333 0.25810185185185186 0.0765625 0.2300925925925926
8 0.46822916666666664 0.44560185185185186 0.053125 0.2023148148148148
1 0.21744791666666666 0.9243055555555556 0.0484375 0.08194444444444444
2 0.7317708333333334 0.34421296296296294 0.078125 0.14305555555555555
2 0.4830729166666667 0.22106481481481483 0.08072916666666667 0.15416666666666667
2 0.2234375 0.44537037037037036 0.0875 0.14814814814814814
6 0.5322916666666667 0.743287037037037 0.10416666666666667 0.2587962962962963
3 0.22421875 0.7483796296296297 0.04635416666666667 0.08101851851851852
9 0.08958333333333333 0.2520833333333333 0.05520833333333333 0.09768518518518518
9 0.7380208333333333 0.10231481481481482 0.05 0.09166666666666666
10 0.3380208333333333 0.5912037037037037 0.06770833333333333 0.12037037037037036
10 0.8359375 0.47430555555555554 0.07083333333333333 0.12175925925925926
