0 0.40651041666666665 0.36041666666666666 0.11510416666666666 0.08472222222222223
0 0.46979166666666666 0.8608796296296296 0.10625 0.15416666666666667
1 0.8184895833333333 0.6365740740740741 0.04739583333333333 0.07314814814814814
6 0.5916666666666667 0.29074074074074074 0.1125 0.24351851851851852
3 0.7434895833333334 0.7185185185185186 0.044270833333333336 0.075
12 0.28151041666666665 0.7877314814814815 0.0734375 0.12453703703703704
8 0.4890625 0.5252314814814815 0.10625 0.13842592592592592
9 0.17109375 0.29814814814814816 0.05364583333333333 0.08518518518518518
7 0.22395833333333334 0.45810185185185187 0.121875 0.24861111111111112
7 0.7197916666666667 0.46597222222222223 0.09270833333333334 0.2310185185185185
10 0.6192708333333333 0.6368055555555555 0.06145833333333333 0.11435185185185186
2 0.3046875 0.1900462962962963 0.07604166666666666 0.12916666666666668
2 0.3690104166666667 0.6210648148148148 0.0796875 0.14027777777777778
2 0.6145833333333334 0.8870370370370371 0.08645833333333333 0.16111111111111112
