2 0.7377604166666667 0.40879629629629627 0.08489583333333334 0.14629629629629629
2 0.503125 0.21875 0.078125 0.1449074074074074
2 0.23020833333333332 0.36435185185185187 0.08125 0.1361111111111111
5 0.1875 0.16527777777777777 0.090625 0.2222222222222222
1 0.1796875 0.8282407407407407 0.05 0.0787037037037037
3 0.20208333333333334 0.6564814814814814 0.046875 0.07685185185185185
11 0.7385416666666667 0.7527777777777778 0.12604166666666666 0.22777777777777777
0 0.3497395833333333 0.20347222222222222 0.04010416666666667 0.21342592592592594
0 0.59453125 0.43333333333333335 0.05572916666666667 0.2037037037037037
6 0.5015625 0.7405092592592593 0.0875 0.2587962962962963
8 0.46822916666666664 0.430787037037037 0.06145833333333333 0.1986111111111111
9 0.12005208333333334 0.13935185185185187 0.05572916666666667 0.09074074074074075
9 0.7674479166666667 0.17314814814814813 0.049479166666666664 0.09351851851851851
10 0.8283854166666667 0.5680555555555555 0.07552083333333333 0.11574074074074074
10 0.3268229166666667 0.5356481481481481 0.06822916666666666 0.11574074074074074
7 0.6598958333333333 0.1310185185185185 0.09895833333333333 0.2537037037037037
7 0.32578125 0.8006944444444445 0.14739583333333334 0.2050925925925926
