12 0.396875 0.06921296296296296 0.06875 0.11064814814814815
11 0.7778645833333333 0.6085648148148148 0.1484375 0.16064814814814815
10 0.3515625 0.6643518518518519 0.06354166666666666 0.12037037037037036
10 0.82421875 0.3752314814814815 0.06927083333333334 0.12453703703703704
9 0.6880208333333333 0.04398148148148148 0.051041666666666666 0.08611111111111111
9 0.061197916666666664 0.41458333333333336 0.05572916666666667 0.09490740740740741
8 0.46380208333333334 0.47685185185185186 0.06302083333333333 0.20555555555555555
7 0.5833333333333334 0.09675925925925925 0.121875 0.18981481481481483
6 0.5614583333333333 0.7453703703703703 0.12395833333333334 0.2564814814814815
5 0.13489583333333333 0.39351851851851855 0.057291666666666664 0.23796296296296296
3 0.25625 0.8622685185185185 0.046875 0.0837962962962963
2 0.7098958333333333 0.28425925925925927 0.06979166666666667 0.13055555555555556
2 0.45260416666666664 0.24537037037037038 0.08125 0.14907407407407408
2 0.22057291666666667 0.5613425925925926 0.09322916666666667 0.1550925925925926
0 0.5817708333333333 0.39837962962962964 0.03229166666666667 0.21435185185185185
0 0.2986979166666667 0.331712962962963 0.043229166666666666 0.21898148148148147
