12 0.28567708333333336 0.31157407407407406 0.05260416666666667 0.11944444444444445
7 0.41458333333333336 0.09375 0.12604166666666666 0.12824074074074074
0 0.32838541666666665 0.6291666666666667 0.11510416666666666 0.12129629629629629
0 0.5453125 0.3125 0.09166666666666666 0.16111111111111112
2 0.4010416666666667 0.3701388888888889 0.057291666666666664 0.1162037037037037
2 0.3763020833333333 0.8731481481481481 0.0703125 0.12777777777777777
2 0.5833333333333334 0.09074074074074075 0.07916666666666666 0.14814814814814814
5 0.24479166666666666 0.8770833333333333 0.10729166666666666 0.21064814814814814
6 0.66796875 0.5652777777777778 0.1359375 0.1175925925925926
7 0.63984375 0.8574074074074074 0.13385416666666666 0.21851851851851853
8 0.5 0.5055555555555555 0.09895833333333333 0.14629629629629629
10 0.5052083333333334 0.7710648148148148 0.06145833333333333 0.11435185185185186
11 0.7434895833333334 0.2175925925925926 0.13385416666666666 0.12314814814814815
