2 0.26067708333333334 0.25324074074074077 0.07239583333333334 0.11944444444444445
2 0.54375 0.2488425925925926 0.06979166666666667 0.12268518518518519
2 0.7390625 0.5537037037037037 0.09166666666666666 0.15
0 0.5947916666666667 0.5030092592592592 0.08645833333333333 0.18472222222222223
0 0.38958333333333334 0.15347222222222223 0.058333333333333334 0.20416666666666666
1 0.13697916666666668 0.6613425925925925 0.04895833333333333 0.07916666666666666
3 0.1859375 0.5148148148148148 0.046875 0.07962962962962963
8 0.475 0.42986111111111114 0.07916666666666666 0.1884259259259259
6 0.4510416666666667 0.7493055555555556 0.059375 0.24861111111111112
12 0.56328125 0.05185185185185185 0.059895833333333336 0.08981481481481482
9 0.8109375 0.3365740740740741 0.052083333333333336 0.08518518518518518
7 0.709375 0.24421296296296297 0.071875 0.24583333333333332
7 0.27578125 0.7122685185185185 0.1359375 0.2439814814814815
10 0.321875 0.46458333333333335 0.07083333333333333 0.11157407407407408
10 0.8036458333333333 0.7601851851851852 0.07708333333333334 0.11481481481481481
