2 0.625 0.0824074074074074 0.078125 0.14722222222222223
2 0.528125 0.5268518518518519 0.07291666666666667 0.13518518518518519
2 0.2830729166666667 0.7296296296296296 0.0859375 0.15185185185185185
12 0.6322916666666667 0.6430555555555556 0.06354166666666666 0.12129629629629629
8 0.45755208333333336 0.33564814814814814 0.08489583333333334 0.1814814814814815
5 0.7434895833333334 0.14212962962962963 0.07864583333333333 0.21296296296296297
11 0.14348958333333334 0.4900462962962963 0.15989583333333332 0.08564814814814815
6 0.3 0.18263888888888888 0.14375 0.19768518518518519
7 0.4625 0.8108796296296297 0.14479166666666668 0.17083333333333334
0 0.37265625 0.5060185185185185 0.0703125 0.19074074074074074
0 0.6302083333333334 0.32685185185185184 0.09166666666666666 0.16203703703703703
9 0.37161458333333336 0.9520833333333333 0.049479166666666664 0.08564814814814815
9 0.7919270833333333 0.07662037037037037 0.05260416666666667 0.08194444444444444
10 0.15026041666666667 0.7462962962962963 0.08072916666666667 0.11018518518518519
10 0.4942708333333333 0.10162037037037037 0.06354166666666666 0.11064814814814815
