0 0.4671875 0.3113425925925926 0.11458333333333333 0.0699074074074074
0 0.39348958333333334 0.8060185185185185 0.12135416666666667 0.06851851851851852
1 0.7671875 0.8983796296296296 0.046875 0.07731481481481481
6 0.6513020833333333 0.39282407407407405 0.14010416666666667 0.18935185185185185
3 0.6760416666666667 0.9081018518518519 0.042708333333333334 0.07916666666666666
12 0.25052083333333336 0.5837962962962963 0.059375 0.11944444444444445
8 0.49973958333333335 0.5152777777777777 0.1109375 0.09444444444444444
9 0.28072916666666664 0.07685185185185185 0.05 0.09074074074074075
7 0.2825520833333333 0.25069444444444444 0.1421875 0.21342592592592594
7 0.7197916666666667 0.6604166666666667 0.08854166666666667 0.2412037037037037
10 0.5830729166666667 0.7298611111111111 0.06927083333333334 0.11157407407407408
2 0.4231770833333333 0.08287037037037037 0.0765625 0.13055555555555556
2 0.365625 0.5060185185185185 0.084375 0.14907407407407408
2 0.5140625 0.9293981481481481 0.08020833333333334 0.13287037037037036
