2 0.6572916666666667 0.1574074074074074 0.08333333333333333 0.15462962962962962
2 0.5145833333333333 0.5657407407407408 0.078125 0.14629629629629629
2 0.25390625 0.6791666666666667 0.0796875 0.1361111111111111
12 0.6033854166666667 0.7104166666666667 0.0671875 0.12546296296296297
8 0.4635416666666667 0.350462962962963 0.078125 0.1935185185185185
5 0.7677083333333333 0.2553240740740741 0.06145833333333333 0.21805555555555556
11 0.14296875 0.39791666666666664 0.15572916666666667 0.10046296296296296
6 0.32864583333333336 0.16157407407407406 0.13333333333333333 0.2222222222222222
7 0.41901041666666666 0.8247685185185185 0.14427083333333332 0.20601851851851852
0 0.36484375 0.4951388888888889 0.0515625 0.20601851851851852
0 0.6364583333333333 0.4027777777777778 0.075 0.17962962962962964
9 0.3151041666666667 0.9388888888888889 0.052083333333333336 0.09259259259259259
9 0.82421875 0.2076388888888889 0.0546875 0.08194444444444444
10 0.12395833333333334 0.6546296296296297 0.078125 0.12037037037037036
10 0.5268229166666667 0.1386574074074074 0.06510416666666667 0.11157407407407408
