0 0.39375 0.35694444444444445 0.09895833333333333 0.14907407407407408
0 0.5580729166666667 0.7685185185185185 0.07760416666666667 0.1962962962962963
1 0.8278645833333333 0.3425925925925926 0.044270833333333336 0.0712962962962963
6 0.5497395833333333 0.17314814814814813 0.0734375 0.2574074074074074
3 0.7768229166666667 0.4675925925925926 0.0453125 0.07592592592592592
12 0.37213541666666666 0.8328703703703704 0.0703125 0.1037037037037037
8 0.50390625 0.4576388888888889 0.0890625 0.17083333333333334
9 0.15677083333333333 0.4550925925925926 0.05520833333333333 0.08333333333333333
7 0.24453125 0.56875 0.0828125 0.2449074074074074
7 0.703125 0.25069444444444444 0.12291666666666666 0.2412037037037037
5 0.6921875 0.9199074074074074 0.11979166666666667 0.15
10 0.64921875 0.47175925925925927 0.0671875 0.11666666666666667
10 0.23177083333333334 0.07060185185185185 0.06666666666666667 0.12361111111111112
2 0.26015625 0.25972222222222224 0.08802083333333334 0.14814814814814814
2 0.41458333333333336 0.6217592592592592 0.06770833333333333 0.10648148148148148
2 0.6963541666666667 0.700462962962963 0.07708333333333334 0.12314814814814815
