2 0.32890625 0.08148148148148149 0.08489583333333334 0.15462962962962962
2 0.5708333333333333 0.31828703703703703 0.08020833333333334 0.1449074074074074
2 0.6533854166666667 0.7641203703703704 0.08489583333333334 0.1300925925925926
12 0.64609375 0.16180555555555556 0.0671875 0.12268518518518519
3 0.19557291666666668 0.2377314814814815 0.04635416666666667 0.08101851851851852
6 0.3421875 0.6638888888888889 0.125 0.2518518518518518
10 0.31979166666666664 0.30833333333333335 0.06458333333333334 0.12129629629629629
7 0.21041666666666667 0.47685185185185186 0.08541666666666667 0.25277777777777777
7 0.7197916666666667 0.45949074074074076 0.11354166666666667 0.24583333333333332
9 0.78515625 0.6381944444444444 0.05677083333333333 0.0875
1 0.1140625 0.31689814814814815 0.04791666666666667 0.08101851851851852
0 0.5401041666666667 0.5833333333333334 0.11770833333333333 0.10648148148148148
0 0.4708333333333333 0.11087962962962963 0.103125 0.1412037037037037
8 0.453125 0.40902777777777777 0.11041666666666666 0.1412037037037037
