2 0.24661458333333333 0.3486111111111111 0.0890625 0.15185185185185185
2 0.4578125 0.6164351851851851 0.07395833333333333 0.12916666666666668
2 0.7346354166666667 0.5425925925925926 0.07447916666666667 0.1175925925925926
1 0.7981770833333334 0.14212962962962963 0.044270833333333336 0.075
12 0.44947916666666665 0.8375 0.0625 0.07592592592592592
3 0.7729166666666667 0.28425925925925927 0.041666666666666664 0.075
8 0.5109375 0.40671296296296294 0.06770833333333333 0.1875
5 0.7690104166666667 0.7685185185185185 0.09739583333333333 0.21203703703703702
6 0.51171875 0.12384259259259259 0.06197916666666667 0.24768518518518517
7 0.6690104166666667 0.1150462962962963 0.13177083333333334 0.22175925925925927
7 0.2864583333333333 0.6569444444444444 0.08020833333333334 0.2518518518518518
0 0.39010416666666664 0.3736111111111111 0.07395833333333333 0.18425925925925926
0 0.61796875 0.6835648148148148 0.043229166666666666 0.2125
9 0.17734375 0.5914351851851852 0.05364583333333333 0.08472222222222223
9 0.8356770833333333 0.8143518518518519 0.0546875 0.0787037037037037
10 0.18229166666666666 0.17824074074074073 0.06979166666666667 0.11944444444444445
10 0.6541666666666667 0.35185185185185186 0.06458333333333334 0.1037037037037037
