0 0.475 0.31203703703703706 0.11354166666666667 0.0787037037037037
0 0.3846354166666667 0.7965277777777777 0.12239583333333333 0.06527777777777778
1 0.7541666666666667 0.9289351851851851 0.046875 0.07731481481481481
6 0.6565104166666667 0.4101851851851852 0.14427083333333332 0.18055555555555555
3 0.6625 0.9289351851851851 0.04479166666666667 0.08287037037037037
12 0.24921875 0.5597222222222222 0.0546875 0.11481481481481481
8 0.5 0.517824074074074 0.109375 0.09398148148148149
9 0.29713541666666665 0.059722222222222225 0.04739583333333333 0.08981481481481482
7 0.2911458333333333 0.23842592592592593 0.14166666666666666 0.21203703703703702
7 0.715625 0.6840277777777778 0.09791666666666667 0.2449074074074074
10 0.5768229166666666 0.7400462962962963 0.07135416666666666 0.11342592592592593
2 0.4393229166666667 0.08356481481481481 0.07552083333333333 0.1412037037037037
2 0.36692708333333335 0.4946759259259259 0.0828125 0.1439814814814815
2 0.5 0.9319444444444445 0.08020833333333334 0.13055555555555556
