0 0.3375 0.6668981481481482 0.11979166666666667 0.10138888888888889
0 0.5341145833333333 0.3085648148148148 0.0984375 0.1449074074074074
2 0.559375 0.08009259259259259 0.08125 0.14814814814814814
2 0.39401041666666664 0.3909722222222222 0.06302083333333333 0.1300925925925926
2 0.39921875 0.8979166666666667 0.0609375 0.12546296296296297
5 0.26875 0.9125 0.11666666666666667 0.16666666666666666
6 0.671875 0.5363425925925925 0.13541666666666666 0.09768518518518518
7 0.39088541666666665 0.11157407407407408 0.12760416666666666 0.12222222222222222
7 0.6604166666666667 0.8351851851851851 0.12916666666666668 0.22870370370370371
8 0.5028645833333333 0.5055555555555555 0.10260416666666666 0.13425925925925927
10 0.5221354166666666 0.7712962962962963 0.059895833333333336 0.11944444444444445
11 0.7255208333333333 0.1787037037037037 0.128125 0.14444444444444443
12 0.275 0.35532407407407407 0.04895833333333333 0.11435185185185186
