0 0.3497395833333333 0.29282407407407407 0.0421875 0.2023148148148148
0 0.5791666666666667 0.5462962962962963 0.06145833333333333 0.1962962962962963
2 0.7169270833333333 0.5365740740740741 0.08177083333333333 0.1388888888888889
2 0.4981770833333333 0.32430555555555557 0.0734375 0.12916666666666668
2 0.23125 0.44166666666666665 0.07708333333333334 0.12314814814814815
3 0.19869791666666667 0.7217592592592592 0.043229166666666666 0.07685185185185185
5 0.19479166666666667 0.23842592592592593 0.09166666666666666 0.2101851851851852
6 0.48020833333333335 0.836574074074074 0.075 0.2537037037037037
7 0.31223958333333335 0.874537037037037 0.14010416666666667 0.20555555555555555
7 0.6533854166666667 0.25439814814814815 0.0890625 0.24583333333333332
8 0.45859375 0.5335648148148148 0.06197916666666667 0.1884259259259259
9 0.12916666666666668 0.2074074074074074 0.053125 0.08888888888888889
9 0.75703125 0.3025462962962963 0.04739583333333333 0.0875
10 0.31979166666666664 0.6185185185185185 0.065625 0.10925925925925926
10 0.79765625 0.6962962962962963 0.0703125 0.1037037037037037
11 0.7044270833333334 0.8652777777777778 0.11302083333333333 0.22777777777777777
12 0.49192708333333335 0.1361111111111111 0.05572916666666667 0.07685185185185185
