2 0.6231770833333333 0.07106481481481482 0.07447916666666667 0.13842592592592592
2 0.52734375 0.5113425925925926 0.07135416666666666 0.13194444444444445
2 0.28802083333333334 0.7148148148148148 0.08229166666666667 0.14629629629629629
12 0.6291666666666667 0.6217592592592592 0.0625 0.12037037037037036
8 0.4596354166666667 0.32314814814814813 0.0828125 0.17685185185185184
5 0.7377604166666667 0.13310185185185186 0.0796875 0.21712962962962962
11 0.14869791666666668 0.48912037037037037 0.15572916666666667 0.08194444444444444
6 0.30234375 0.18472222222222223 0.14427083333333332 0.19722222222222222
7 0.4666666666666667 0.7965277777777777 0.14583333333333334 0.17175925925925925
0 0.37473958333333335 0.4979166666666667 0.0703125 0.1884259259259259
0 0.6296875 0.3143518518518518 0.090625 0.15925925925925927
9 0.37786458333333334 0.9418981481481481 0.04739583333333333 0.09490740740740741
9 0.7872395833333333 0.06273148148148149 0.049479166666666664 0.08194444444444444
10 0.49296875 0.09328703703703704 0.0640625 0.10972222222222222
10 0.15729166666666666 0.7361111111111112 0.08229166666666667 0.10555555555555556
