0 0.39401041666666664 0.36736111111111114 0.10885416666666667 0.12824074074074074
0 0.5205729166666667 0.8270833333333333 0.0921875 0.1875
1 0.8270833333333333 0.4703703703703704 0.04583333333333333 0.07037037037037037
6 0.565625 0.22685185185185186 0.09166666666666666 0.25462962962962965
3 0.7669270833333334 0.5828703703703704 0.0453125 0.07592592592592592
12 0.32838541666666665 0.8356481481481481 0.07447916666666667 0.11388888888888889
8 0.4953125 0.500462962962963 0.09895833333333333 0.1537037037037037
9 0.15182291666666667 0.40162037037037035 0.05677083333333333 0.08287037037037037
7 0.2265625 0.538425925925926 0.10208333333333333 0.2574074074074074
7 0.7125 0.3458333333333333 0.109375 0.23796296296296296
10 0.6375 0.555787037037037 0.06458333333333334 0.11805555555555555
2 0.2708333333333333 0.2375 0.08229166666666667 0.14722222222222223
2 0.39088541666666665 0.6365740740740741 0.0765625 0.12037037037037036
2 0.6643229166666667 0.7932870370370371 0.08072916666666667 0.1412037037037037
