2 0.6291666666666667 0.07337962962962963 0.07395833333333333 0.14305555555555555
2 0.5375 0.5104166666666666 0.07083333333333333 0.13657407407407407
2 0.29791666666666666 0.7150462962962963 0.08125 0.14305555555555555
12 0.6369791666666667 0.6203703703703703 0.0625 0.12129629629629629
8 0.4666666666666667 0.32592592592592595 0.08333333333333333 0.17777777777777778
5 0.74453125 0.13194444444444445 0.0828125 0.2101851851851852
11 0.15755208333333334 0.49074074074074076 0.15572916666666667 0.075
6 0.3106770833333333 0.18310185185185185 0.1421875 0.19212962962962962
7 0.4744791666666667 0.794212962962963 0.14270833333333333 0.16898148148148148
0 0.3841145833333333 0.5 0.07239583333333334 0.19444444444444445
0 0.63671875 0.31342592592592594 0.09010416666666667 0.15462962962962962
9 0.3854166666666667 0.9421296296296297 0.04895833333333333 0.08981481481481482
9 0.7927083333333333 0.06365740740740741 0.05 0.08009259259259259
10 0.5005208333333333 0.09675925925925925 0.06354166666666666 0.11018518518518519
10 0.165625 0.7388888888888889 0.08020833333333334 0.1111111111111111
