2 0.3302083333333333 0.08287037037037037 0.084375 0.15185185185185185
2 0.5716145833333334 0.32037037037037036 0.0796875 0.14537037037037037
2 0.6533854166666667 0.7675925925925926 0.08489583333333334 0.12962962962962962
12 0.6463541666666667 0.16574074074074074 0.06666666666666667 0.11851851851851852
3 0.19479166666666667 0.23935185185185184 0.046875 0.07962962962962963
6 0.3419270833333333 0.6662037037037037 0.12447916666666667 0.25277777777777777
10 0.3190104166666667 0.3125 0.0640625 0.12314814814814815
7 0.20989583333333334 0.4789351851851852 0.08645833333333333 0.26064814814814813
7 0.7205729166666667 0.4634259259259259 0.11197916666666667 0.25
9 0.7861979166666667 0.6425925925925926 0.05677083333333333 0.08518518518518518
1 0.11276041666666667 0.3199074074074074 0.04635416666666667 0.07685185185185185
0 0.47291666666666665 0.11689814814814815 0.10625 0.1375
0 0.540625 0.5875 0.11979166666666667 0.10648148148148148
8 0.45286458333333335 0.41064814814814815 0.1109375 0.1398148148148148
