0 0.39166666666666666 0.35625 0.09479166666666666 0.15787037037037038
0 0.5763020833333333 0.7502314814814814 0.06510416666666667 0.2050925925925926
1 0.821875 0.2861111111111111 0.04375 0.07314814814814814
6 0.53984375 0.15555555555555556 0.06510416666666667 0.2537037037037037
3 0.7783854166666667 0.4162037037037037 0.043229166666666666 0.07592592592592592
12 0.39010416666666664 0.8340277777777778 0.06875 0.09675925925925925
8 0.5052083333333334 0.44166666666666665 0.08125 0.175
9 0.1578125 0.48865740740740743 0.057291666666666664 0.08657407407407407
9 0.7723958333333333 0.9560185185185185 0.05520833333333333 0.07962962962962963
7 0.253125 0.5884259259259259 0.075 0.24259259259259258
7 0.6955729166666667 0.21041666666666667 0.12447916666666667 0.2310185185185185
5 0.71328125 0.8918981481481482 0.11822916666666666 0.19027777777777777
10 0.65078125 0.44074074074074077 0.0671875 0.1175925925925926
10 0.21588541666666666 0.08981481481481482 0.06927083333333334 0.12407407407407407
2 0.2552083333333333 0.2798611111111111 0.08645833333333333 0.1449074074074074
2 0.42526041666666664 0.6194444444444445 0.0671875 0.10555555555555556
2 0.7072916666666667 0.6599537037037037 0.075 0.11527777777777778
