12 0.2596354166666667 0.4076388888888889 0.044270833333333336 0.1125
11 0.6955729166666667 0.14675925925925926 0.12239583333333333 0.1648148148148148
10 0.53203125 0.7726851851851851 0.0578125 0.11944444444444445
8 0.496875 0.5143518518518518 0.10520833333333333 0.12222222222222222
7 0.359375 0.13912037037037037 0.134375 0.14212962962962963
7 0.6723958333333333 0.8060185185185185 0.12291666666666666 0.23425925925925925
6 0.6669270833333333 0.5090277777777777 0.13802083333333334 0.11342592592592593
0 0.3416666666666667 0.7027777777777777 0.12083333333333333 0.0787037037037037
0 0.5153645833333333 0.3090277777777778 0.10364583333333334 0.12638888888888888
2 0.5255208333333333 0.07685185185185185 0.078125 0.14814814814814814
2 0.3809895833333333 0.42083333333333334 0.06822916666666666 0.13333333333333333
2 0.41901041666666666 0.9201388888888888 0.0640625 0.13842592592592592
