0 0.32890625 0.3587962962962963 0.0359375 0.20833333333333334
0 0.5838541666666667 0.5291666666666667 0.04583333333333333 0.2074074074074074
6 0.5203125 0.8527777777777777 0.09895833333333333 0.25277777777777777
3 0.22708333333333333 0.8416666666666667 0.04479166666666667 0.07407407407407407
12 0.45546875 0.16967592592592592 0.0609375 0.09490740740740741
8 0.46458333333333335 0.5631944444444444 0.05520833333333333 0.19212962962962962
11 0.7416666666666667 0.8011574074074074 0.13020833333333334 0.19675925925925927
5 0.165625 0.35671296296296295 0.075 0.2300925925925926
9 0.09713541666666667 0.3474537037037037 0.05364583333333333 0.08472222222222223
9 0.7328125 0.22407407407407406 0.04791666666666667 0.08703703703703704
7 0.6252604166666667 0.21412037037037038 0.1078125 0.2449074074074074
7 0.35703125 0.9282407407407407 0.14322916666666666 0.13518518518518519
10 0.8138020833333334 0.6034722222222222 0.0703125 0.11157407407407408
10 0.33697916666666666 0.6939814814814815 0.06354166666666666 0.11666666666666667
2 0.22916666666666666 0.5513888888888889 0.08541666666666667 0.14722222222222223
2 0.48151041666666666 0.33564814814814814 0.07864583333333333 0.14629629629629629
2 0.7200520833333334 0.4726851851851852 0.08177083333333333 0.1361111111111111
