2 0.6424479166666667 0.11597222222222223 0.0796875 0.14675925925925926
2 0.5231770833333333 0.5469907407407407 0.07447916666666667 0.14212962962962963
2 0.26875 0.705787037037037 0.08333333333333333 0.13657407407407407
12 0.6200520833333333 0.6782407407407407 0.0671875 0.12407407407407407
8 0.4625 0.34097222222222223 0.08125 0.1865740740740741
5 0.7567708333333333 0.1988425925925926 0.071875 0.2199074074074074
11 0.14401041666666667 0.44189814814814815 0.15989583333333332 0.08009259259259259
6 0.31484375 0.17060185185185187 0.1390625 0.2152777777777778
7 0.4421875 0.8203703703703704 0.14583333333333334 0.1935185185185185
0 0.6356770833333333 0.36365740740740743 0.08177083333333333 0.17083333333333334
0 0.36953125 0.5006944444444444 0.0609375 0.2013888888888889
9 0.3453125 0.9506944444444444 0.04895833333333333 0.09305555555555556
9 0.809375 0.13773148148148148 0.052083333333333336 0.0837962962962963
10 0.13697916666666668 0.7023148148148148 0.07916666666666666 0.10740740740740741
10 0.51171875 0.11782407407407407 0.0640625 0.10972222222222222
