2 0.28671875 0.16875 0.08177083333333333 0.13842592592592592
2 0.5596354166666667 0.28425925925925927 0.0703125 0.12222222222222222
2 0.7088541666666667 0.6729166666666667 0.09166666666666666 0.14305555555555555
12 0.6052083333333333 0.10902777777777778 0.06666666666666667 0.10972222222222222
3 0.18125 0.3888888888888889 0.046875 0.0787037037037037
6 0.3963541666666667 0.7293981481481482 0.09375 0.2587962962962963
10 0.31536458333333334 0.3988425925925926 0.06822916666666666 0.12083333333333333
10 0.7419270833333333 0.9027777777777778 0.07447916666666667 0.13333333333333333
7 0.234375 0.6145833333333334 0.11875 0.25787037037037036
7 0.7229166666666667 0.34791666666666665 0.08229166666666667 0.2513888888888889
9 0.8127604166666667 0.48912037037037037 0.05677083333333333 0.08564814814814815
1 0.11171875 0.5064814814814815 0.049479166666666664 0.0787037037037037
0 0.5731770833333333 0.555787037037037 0.10677083333333333 0.15231481481481482
0 0.4309895833333333 0.13125 0.08385416666666666 0.17731481481481481
8 0.46328125 0.42685185185185187 0.09739583333333333 0.1648148148148148
