2 0.5736979166666667 0.38981481481481484 0.08385416666666666 0.14814814814814814
2 0.55390625 0.8613425925925926 0.0734375 0.12731481481481483
12 0.6721354166666667 0.30162037037037037 0.059895833333333336 0.11712962962962963
3 0.2518229166666667 0.0824074074074074 0.043229166666666666 0.07592592592592592
6 0.28828125 0.5587962962962963 0.14635416666666667 0.21296296296296297
10 0.3458333333333333 0.22337962962962962 0.06770833333333333 0.11157407407407408
7 0.20989583333333334 0.30416666666666664 0.090625 0.25092592592592594
7 0.6822916666666666 0.6229166666666667 0.13958333333333334 0.21898148148148147
9 0.70546875 0.8342592592592593 0.050520833333333334 0.09074074074074075
1 0.16276041666666666 0.10416666666666667 0.0453125 0.07592592592592592
0 0.5260416666666666 0.1412037037037037 0.115625 0.07685185185185185
0 0.48723958333333334 0.6168981481481481 0.1203125 0.06527777777777778
8 0.44140625 0.40046296296296297 0.11302083333333333 0.10555555555555556
