2 0.23828125 0.4703703703703704 0.08385416666666666 0.14537037037037037
2 0.48984375 0.6106481481481482 0.08177083333333333 0.14537037037037037
2 0.7388020833333333 0.40069444444444446 0.08385416666666666 0.13842592592592592
12 0.5231770833333333 0.8266203703703704 0.06822916666666666 0.09583333333333334
3 0.7276041666666667 0.13819444444444445 0.042708333333333334 0.07546296296296297
8 0.5072916666666667 0.3814814814814815 0.05416666666666667 0.1925925925925926
5 0.8065104166666667 0.5902777777777778 0.06510416666666667 0.2212962962962963
11 0.23151041666666666 0.15 0.12447916666666667 0.19722222222222222
6 0.45338541666666665 0.12129629629629629 0.09322916666666667 0.24074074074074073
7 0.33203125 0.7462962962962963 0.10885416666666667 0.25833333333333336
0 0.38359375 0.4185185185185185 0.0484375 0.20555555555555555
0 0.6484375 0.5902777777777778 0.0375 0.20925925925925926
9 0.21458333333333332 0.7453703703703703 0.05625 0.08518518518518518
9 0.8763020833333334 0.5981481481481481 0.05260416666666667 0.08703703703703704
10 0.14348958333333334 0.33773148148148147 0.0734375 0.12638888888888888
10 0.6283854166666667 0.2625 0.0640625 0.11851851851851852
