0 0.29375 0.513425925925926 0.0875 0.17962962962962964
0 0.55625 0.36018518518518516 0.0625 0.19166666666666668
2 0.284375 0.7759259259259259 0.08541666666666667 0.15
2 0.40963541666666664 0.3229166666666667 0.07135416666666666 0.13842592592592592
2 0.6385416666666667 0.17175925925925925 0.075 0.13796296296296295
5 0.16380208333333332 0.6969907407407407 0.07239583333333334 0.2310185185185185
6 0.6216145833333333 0.6752314814814815 0.1390625 0.18564814814814815
7 0.5333333333333333 0.9206018518518518 0.13645833333333332 0.15324074074074073
7 0.48046875 0.08472222222222223 0.13177083333333334 0.1638888888888889
8 0.4713541666666667 0.5136574074074074 0.08125 0.18472222222222223
9 0.1015625 0.7706018518518518 0.058333333333333334 0.0837962962962963
10 0.42526041666666664 0.7620370370370371 0.06510416666666667 0.10462962962962963
10 0.7541666666666667 0.17037037037037037 0.06666666666666667 0.10555555555555556
11 0.76484375 0.3988425925925926 0.1421875 0.07083333333333333
12 0.3221354166666667 0.20925925925925926 0.06302083333333333 0.11481481481481481
