2 0.3296875 0.08541666666666667 0.084375 0.1550925925925926
2 0.57265625 0.3229166666666667 0.07864583333333333 0.1439814814814815
2 0.6541666666666667 0.7699074074074074 0.08333333333333333 0.13055555555555556
12 0.6463541666666667 0.1699074074074074 0.06875 0.12222222222222222
3 0.1953125 0.23981481481481481 0.04479166666666667 0.0787037037037037
6 0.34296875 0.6673611111111111 0.1234375 0.2569444444444444
10 0.31927083333333334 0.31296296296296294 0.065625 0.12222222222222222
7 0.20911458333333333 0.48032407407407407 0.08697916666666666 0.25787037037037036
7 0.7208333333333333 0.4634259259259259 0.1125 0.25
9 0.7880208333333333 0.6416666666666667 0.05625 0.08518518518518518
1 0.11328125 0.3199074074074074 0.04739583333333333 0.0787037037037037
0 0.5416666666666666 0.5868055555555556 0.11979166666666667 0.10787037037037037
0 0.47265625 0.11990740740740741 0.1046875 0.13703703703703704
8 0.45390625 0.41226851851851853 0.10989583333333333 0.1412037037037037
