2 0.5671875 0.37175925925925923 0.07708333333333334 0.14907407407407408
2 0.46119791666666665 0.799074074074074 0.08489583333333334 0.14537037037037037
12 0.67734375 0.3400462962962963 0.04739583333333333 0.11527777777777778
11 0.2630208333333333 0.799074074074074 0.134375 0.22407407407407406
6 0.26848958333333334 0.37453703703703706 0.14739583333333334 0.1648148148148148
10 0.3815104166666667 0.10162037037037037 0.0640625 0.12268518518518519
7 0.6278645833333333 0.6486111111111111 0.1453125 0.17407407407407408
7 0.24036458333333333 0.11643518518518518 0.11510416666666666 0.2273148148148148
9 0.61328125 0.8652777777777778 0.0515625 0.08425925925925926
0 0.44557291666666665 0.537962962962963 0.11822916666666666 0.09074074074074075
0 0.5661458333333333 0.12152777777777778 0.115625 0.06712962962962964
8 0.4388020833333333 0.31527777777777777 0.10885416666666667 0.10740740740740741
