0 0.5580729166666667 0.36574074074074076 0.06197916666666667 0.1962962962962963
0 0.29401041666666666 0.5099537037037037 0.08385416666666666 0.18287037037037038
2 0.6427083333333333 0.17824074074074073 0.075 0.1388888888888889
2 0.4109375 0.32199074074074074 0.071875 0.14212962962962963
2 0.28229166666666666 0.7729166666666667 0.08541666666666667 0.15416666666666667
5 0.16145833333333334 0.6895833333333333 0.07083333333333333 0.22824074074074074
6 0.6200520833333333 0.6835648148148148 0.1390625 0.1865740740740741
7 0.48463541666666665 0.08726851851851852 0.13177083333333334 0.17083333333333334
7 0.5296875 0.9229166666666667 0.13645833333333332 0.1439814814814815
8 0.471875 0.5173611111111112 0.08020833333333334 0.1837962962962963
9 0.09895833333333333 0.7631944444444444 0.057291666666666664 0.08101851851851852
10 0.421875 0.763425925925926 0.06458333333333334 0.1037037037037037
10 0.7572916666666667 0.18125 0.06875 0.10972222222222222
11 0.7666666666666667 0.4115740740740741 0.14270833333333333 0.0712962962962963
12 0.3255208333333333 0.20925925925925926 0.06354166666666666 0.11851851851851852
