2 0.5567708333333333 0.4585648148148148 0.06354166666666666 0.12175925925925926
2 0.3424479166666667 0.7354166666666667 0.0859375 0.15046296296296297
12 0.6661458333333333 0.5310185185185186 0.05625 0.11851851851851852
11 0.18046875 0.5627314814814814 0.15572916666666667 0.1125
6 0.29973958333333334 0.20833333333333334 0.14322916666666666 0.16203703703703703
10 0.47630208333333335 0.06157407407407407 0.06302083333333333 0.11944444444444445
10 0.21614583333333334 0.7986111111111112 0.075 0.12407407407407407
7 0.52734375 0.7546296296296297 0.1390625 0.13333333333333333
9 0.4544270833333333 0.9284722222222223 0.04635416666666667 0.09583333333333334
0 0.63359375 0.2361111111111111 0.10364583333333334 0.13425925925925927
0 0.4046875 0.4960648148148148 0.08645833333333333 0.17453703703703705
8 0.4671875 0.3020833333333333 0.09583333333333334 0.16157407407407406
