0 0.29140625 0.4979166666666667 0.0796875 0.1884259259259259
0 0.5622395833333333 0.39282407407407405 0.0546875 0.19768518518518519
2 0.65625 0.21666666666666667 0.07083333333333333 0.13333333333333333
2 0.41744791666666664 0.3275462962962963 0.0734375 0.14212962962962963
2 0.26640625 0.7581018518518519 0.09010416666666667 0.15787037037037038
5 0.15130208333333334 0.6578703703703703 0.0609375 0.23425925925925925
6 0.6098958333333333 0.7196759259259259 0.13645833333333332 0.20324074074074075
7 0.50234375 0.09884259259259259 0.13072916666666667 0.18935185185185185
8 0.46927083333333336 0.5324074074074074 0.078125 0.1925925925925926
9 0.08541666666666667 0.7196759259259259 0.058333333333333334 0.07916666666666666
10 0.40729166666666666 0.7715277777777778 0.065625 0.10787037037037037
10 0.7716145833333333 0.23726851851851852 0.06927083333333334 0.11342592592592593
11 0.7692708333333333 0.47476851851851853 0.14375 0.08287037037037037
12 0.3377604166666667 0.2013888888888889 0.06510416666666667 0.11666666666666667
