0 0.39166666666666666 0.3715277777777778 0.109375 0.12731481481481483
0 0.5184895833333333 0.8335648148148148 0.09010416666666667 0.1884259259259259
1 0.82578125 0.4759259259259259 0.0453125 0.07314814814814814
6 0.5645833333333333 0.2310185185185185 0.09166666666666666 0.25462962962962965
3 0.7651041666666667 0.5872685185185185 0.04479166666666667 0.07083333333333333
12 0.32734375 0.8409722222222222 0.07552083333333333 0.11064814814814815
8 0.4940104166666667 0.5043981481481481 0.09739583333333333 0.15231481481481482
9 0.15104166666666666 0.4043981481481482 0.05520833333333333 0.0837962962962963
7 0.22578125 0.5439814814814815 0.10260416666666666 0.25833333333333336
7 0.7106770833333333 0.34930555555555554 0.10885416666666667 0.23287037037037037
10 0.6359375 0.5564814814814815 0.06458333333333334 0.11944444444444445
2 0.26979166666666665 0.24444444444444444 0.084375 0.14722222222222223
2 0.39010416666666664 0.6412037037037037 0.071875 0.11944444444444445
2 0.6630208333333333 0.8 0.08229166666666667 0.13703703703703704
