0 0.39453125 0.3597222222222222 0.0859375 0.17685185185185184
0 0.6 0.7106481481481481 0.057291666666666664 0.2074074074074074
1 0.81484375 0.20324074074074075 0.044270833333333336 0.07314814814814814
6 0.5270833333333333 0.12824074074074074 0.051041666666666666 0.25092592592592594
3 0.78046875 0.3388888888888889 0.044270833333333336 0.07407407407407407
12 0.42552083333333335 0.8342592592592593 0.065625 0.08703703703703704
8 0.51171875 0.41875 0.07447916666666667 0.18564814814814815
9 0.8119791666666667 0.8819444444444444 0.05520833333333333 0.08611111111111111
9 0.16848958333333333 0.537962962962963 0.05572916666666667 0.08703703703703704
7 0.27239583333333334 0.6215277777777778 0.06875 0.24583333333333332
7 0.68671875 0.1525462962962963 0.1296875 0.2263888888888889
5 0.74765625 0.8247685185185185 0.1078125 0.1986111111111111
10 0.1984375 0.1287037037037037 0.06979166666666667 0.1175925925925926
10 0.65625 0.38796296296296295 0.06770833333333333 0.11296296296296296
2 0.25 0.3090277777777778 0.08854166666666667 0.15787037037037038
2 0.44453125 0.6125 0.07135416666666666 0.12314814814814815
2 0.7270833333333333 0.593287037037037 0.07395833333333333 0.10694444444444444
