2 0.7028645833333333 0.2638888888888889 0.08697916666666666 0.14907407407407408
2 0.5020833333333333 0.5879629629629629 0.084375 0.14907407407407408
2 0.23385416666666667 0.5798611111111112 0.075 0.12916666666666668
12 0.56796875 0.775 0.07135416666666666 0.11481481481481481
8 0.4828125 0.3578703703703704 0.065625 0.1962962962962963
5 0.7940104166666667 0.41203703703703703 0.034895833333333334 0.22037037037037038
11 0.17395833333333333 0.2625 0.14479166666666668 0.15
6 0.38567708333333334 0.12199074074074075 0.1171875 0.2439814814814815
7 0.37135416666666665 0.7967592592592593 0.13125 0.24074074074074073
0 0.3692708333333333 0.4564814814814815 0.034375 0.20833333333333334
0 0.6466145833333333 0.4895833333333333 0.05364583333333333 0.20324074074074075
9 0.25546875 0.856712962962963 0.05677083333333333 0.08101851851851852
9 0.8609375 0.38842592592592595 0.053125 0.08611111111111111
10 0.11901041666666666 0.4981481481481482 0.07135416666666666 0.13518518518518519
10 0.5783854166666667 0.18796296296296297 0.0609375 0.12314814814814815
