2 0.6630208333333333 0.1726851851851852 0.08229166666666667 0.14629629629629629
2 0.5119791666666667 0.5689814814814815 0.07708333333333334 0.15092592592592594
2 0.25026041666666665 0.66875 0.07552083333333333 0.1375
12 0.5997395833333333 0.7236111111111111 0.06822916666666666 0.12407407407407407
8 0.46510416666666665 0.35439814814814813 0.07708333333333334 0.19305555555555556
5 0.7721354166666666 0.27847222222222223 0.058854166666666666 0.21898148148148147
11 0.14557291666666666 0.3824074074074074 0.1546875 0.10555555555555556
6 0.33489583333333334 0.15648148148148147 0.13229166666666667 0.22777777777777777
7 0.4125 0.8261574074074074 0.14166666666666666 0.21342592592592594
0 0.36432291666666666 0.4912037037037037 0.049479166666666664 0.2064814814814815
0 0.6380208333333334 0.41597222222222224 0.071875 0.1865740740740741
9 0.3067708333333333 0.9319444444444445 0.052083333333333336 0.09444444444444444
9 0.8296875 0.2324074074074074 0.053125 0.08611111111111111
10 0.12135416666666667 0.6361111111111111 0.07916666666666666 0.1175925925925926
10 0.5333333333333333 0.14652777777777778 0.06458333333333334 0.11527777777777778
