0 0.3302083333333333 0.35138888888888886 0.034375 0.2111111111111111
0 0.58359375 0.5326388888888889 0.04739583333333333 0.20416666666666666
6 0.515625 0.8532407407407407 0.096875 0.2537037037037037
3 0.22239583333333332 0.8277777777777777 0.04583333333333333 0.07592592592592592
12 0.45807291666666666 0.16689814814814816 0.0609375 0.10046296296296296
8 0.4640625 0.5611111111111111 0.05520833333333333 0.19074074074074074
11 0.7377604166666667 0.8113425925925926 0.13072916666666667 0.2050925925925926
5 0.1671875 0.3460648148148148 0.07708333333333334 0.2300925925925926
9 0.09895833333333333 0.33310185185185187 0.053125 0.08564814814814815
9 0.7354166666666667 0.2349537037037037 0.04791666666666667 0.08842592592592592
7 0.6294270833333333 0.2196759259259259 0.10260416666666666 0.24768518518518517
7 0.35208333333333336 0.9212962962962963 0.14270833333333333 0.14907407407407408
10 0.3346354166666667 0.687962962962963 0.0640625 0.12037037037037036
10 0.8127604166666667 0.6150462962962963 0.0671875 0.11435185185185186
2 0.22760416666666666 0.5395833333333333 0.08541666666666667 0.13935185185185187
2 0.71953125 0.4777777777777778 0.07864583333333333 0.13425925925925927
2 0.48333333333333334 0.3349537037037037 0.07604166666666666 0.14305555555555555
