2 0.7153645833333333 0.425462962962963 0.07760416666666667 0.13055555555555556
2 0.4705729166666667 0.3400462962962963 0.08177083333333333 0.14305555555555555
2 0.23020833333333332 0.6074074074074074 0.090625 0.14907407407407408
12 0.43255208333333334 0.17569444444444443 0.0671875 0.09861111111111111
3 0.24895833333333334 0.8972222222222223 0.04479166666666667 0.07685185185185185
8 0.4669270833333333 0.5710648148148149 0.05677083333333333 0.19675925925925927
5 0.15390625 0.42476851851851855 0.06302083333333333 0.23194444444444445
11 0.7572916666666667 0.7516203703703703 0.13854166666666667 0.18287037037037038
6 0.5432291666666667 0.85 0.10833333333333334 0.25462962962962965
7 0.6067708333333334 0.1909722222222222 0.11458333333333333 0.2439814814814815
0 0.31614583333333335 0.39537037037037037 0.036458333333333336 0.2101851851851852
0 0.5872395833333334 0.5108796296296296 0.034895833333333334 0.20416666666666666
9 0.08229166666666667 0.4305555555555556 0.05416666666666667 0.09074074074074075
9 0.7125 0.17708333333333334 0.052083333333333336 0.0837962962962963
10 0.3494791666666667 0.7300925925925926 0.0625 0.11944444444444445
10 0.81875 0.5356481481481481 0.06875 0.11574074074074074
