0 0.44869791666666664 0.3143518518518518 0.11614583333333334 0.05462962962962963
0 0.4080729166666667 0.825925925925926 0.1203125 0.08981481481481482
1 0.78515625 0.8391203703703703 0.04739583333333333 0.07916666666666666
6 0.6375 0.36319444444444443 0.134375 0.2013888888888889
3 0.69609375 0.8671296296296296 0.043229166666666666 0.07592592592592592
12 0.24895833333333334 0.6368055555555555 0.06354166666666666 0.12268518518518519
8 0.49557291666666664 0.5157407407407407 0.1109375 0.10740740740740741
9 0.24635416666666668 0.12175925925925926 0.046875 0.09166666666666666
7 0.25885416666666666 0.29768518518518516 0.13854166666666667 0.22407407407407406
7 0.721875 0.6129629629629629 0.07916666666666666 0.2351851851851852
10 0.5934895833333333 0.7087962962962963 0.0671875 0.11296296296296296
2 0.3609375 0.5331018518518519 0.0875 0.1476851851851852
2 0.3880208333333333 0.09930555555555555 0.071875 0.12916666666666668
2 0.5385416666666667 0.9261574074074074 0.084375 0.14212962962962963
