0 0.29192708333333334 0.48564814814814816 0.0671875 0.19722222222222222
0 0.5658854166666667 0.4270833333333333 0.043229166666666666 0.2023148148148148
2 0.6700520833333333 0.26805555555555555 0.06927083333333334 0.125
2 0.42526041666666664 0.33958333333333335 0.07864583333333333 0.1476851851851852
2 0.25104166666666666 0.74375 0.09166666666666666 0.1550925925925926
5 0.14244791666666667 0.6219907407407408 0.0484375 0.23287037037037037
6 0.5950520833333334 0.7664351851851852 0.13385416666666666 0.2162037037037037
7 0.5229166666666667 0.11643518518518518 0.128125 0.2152777777777778
8 0.4666666666666667 0.555787037037037 0.07291666666666667 0.19583333333333333
9 0.0734375 0.6729166666666667 0.059375 0.08009259259259259
9 0.6166666666666667 0.04282407407407408 0.04895833333333333 0.0837962962962963
10 0.7841145833333333 0.30787037037037035 0.06927083333333334 0.11666666666666667
10 0.38958333333333334 0.7821759259259259 0.06458333333333334 0.11342592592592593
11 0.7703125 0.5449074074074074 0.14375 0.10092592592592593
12 0.35182291666666665 0.20046296296296295 0.0671875 0.11851851851851852
