7 0.6408854166666667 0.12129629629629629 0.1046875 0.23703703703703705
7 0.34479166666666666 0.8347222222222223 0.15104166666666666 0.19074074074074074
0 0.33177083333333335 0.23055555555555557 0.034375 0.21388888888888888
0 0.5921875 0.4224537037037037 0.04791666666666667 0.21342592592592594
11 0.7528645833333333 0.7148148148148148 0.13489583333333333 0.2111111111111111
5 0.17005208333333333 0.21851851851851853 0.08177083333333333 0.2222222222222222
8 0.4669270833333333 0.4395833333333333 0.0578125 0.2023148148148148
1 0.19947916666666668 0.8868055555555555 0.04791666666666667 0.08009259259259259
2 0.22421875 0.41180555555555554 0.08697916666666666 0.1439814814814815
2 0.48932291666666666 0.22013888888888888 0.07864583333333333 0.1476851851851852
2 0.73359375 0.37222222222222223 0.08177083333333333 0.14814814814814814
6 0.5192708333333333 0.743287037037037 0.09791666666666667 0.26064814814814813
3 0.21276041666666667 0.7122685185185185 0.04635416666666667 0.07824074074074074
9 0.09895833333333333 0.20532407407407408 0.053125 0.09305555555555556
9 0.7489583333333333 0.13078703703703703 0.051041666666666666 0.09398148148148149
10 0.33098958333333334 0.5699074074074074 0.0703125 0.11944444444444445
10 0.8322916666666667 0.5120370370370371 0.07291666666666667 0.11944444444444445
