0 0.39479166666666665 0.3611111111111111 0.11041666666666666 0.13425925925925927
0 0.5223958333333333 0.819212962962963 0.08958333333333333 0.1837962962962963
1 0.8294270833333334 0.4601851851851852 0.044270833333333336 0.07314814814814814
6 0.5671875 0.21805555555555556 0.09270833333333334 0.2564814814814815
3 0.7682291666666666 0.5729166666666666 0.04479166666666667 0.08009259259259259
12 0.33098958333333334 0.8287037037037037 0.0734375 0.11388888888888889
8 0.496875 0.49166666666666664 0.09791666666666667 0.15
9 0.15286458333333333 0.39375 0.0578125 0.08101851851851852
7 0.22942708333333334 0.5291666666666667 0.10260416666666666 0.25833333333333336
7 0.7125 0.33611111111111114 0.11145833333333334 0.24351851851851852
10 0.6401041666666667 0.5462962962962963 0.06354166666666666 0.12129629629629629
2 0.2716145833333333 0.23194444444444445 0.0828125 0.14814814814814814
2 0.39140625 0.6291666666666667 0.07447916666666667 0.1175925925925926
2 0.6671875 0.7877314814814815 0.084375 0.13842592592592592
