12 0.3028645833333333 0.22361111111111112 0.059895833333333336 0.11944444444444445
11 0.7604166666666666 0.31504629629629627 0.13958333333333334 0.08101851851851852
10 0.7317708333333334 0.10578703703703704 0.06666666666666667 0.11064814814814815
10 0.45078125 0.7532407407407408 0.06510416666666667 0.11018518518518519
9 0.13177083333333334 0.83125 0.057291666666666664 0.08657407407407407
8 0.4791666666666667 0.49745370370370373 0.08541666666666667 0.1736111111111111
7 0.45703125 0.07546296296296297 0.1296875 0.14907407407407408
7 0.5700520833333333 0.8958333333333334 0.13697916666666668 0.18888888888888888
6 0.6372395833333333 0.625462962962963 0.14114583333333333 0.16111111111111112
5 0.18776041666666668 0.7458333333333333 0.08489583333333334 0.2222222222222222
2 0.31354166666666666 0.7965277777777777 0.08020833333333334 0.14212962962962963
2 0.6200520833333333 0.1284722222222222 0.0765625 0.14212962962962963
2 0.4049479166666667 0.32592592592592595 0.06822916666666666 0.13240740740740742
0 0.3 0.5418981481481482 0.096875 0.15787037037037038
0 0.55234375 0.32939814814814816 0.0734375 0.1865740740740741
