2 0.2640625 0.24537037037037038 0.075 0.11944444444444445
2 0.546875 0.2511574074074074 0.06875 0.12361111111111112
2 0.7403645833333333 0.5636574074074074 0.09010416666666667 0.14583333333333334
0 0.3958333333333333 0.15208333333333332 0.06354166666666666 0.2013888888888889
0 0.5950520833333334 0.5083333333333333 0.0890625 0.18333333333333332
1 0.13619791666666667 0.6479166666666667 0.049479166666666664 0.08009259259259259
3 0.18723958333333332 0.5039351851851852 0.04635416666666667 0.0763888888888889
8 0.47630208333333335 0.42986111111111114 0.08072916666666667 0.18472222222222223
6 0.4484375 0.7476851851851852 0.0625 0.2518518518518518
12 0.5677083333333334 0.05787037037037037 0.06145833333333333 0.09166666666666666
9 0.81328125 0.3486111111111111 0.05260416666666667 0.08888888888888889
7 0.71328125 0.25300925925925927 0.07135416666666666 0.24583333333333332
7 0.275 0.7048611111111112 0.13541666666666666 0.24305555555555555
10 0.3234375 0.4599537037037037 0.071875 0.11435185185185186
10 0.8010416666666667 0.7708333333333334 0.07708333333333334 0.11851851851851852
