2 0.3307291666666667 0.07893518518518519 0.08333333333333333 0.15416666666666667
2 0.5705729166666667 0.3164351851851852 0.07864583333333333 0.14305555555555555
2 0.6520833333333333 0.7615740740740741 0.084375 0.13148148148148148
12 0.6458333333333334 0.16435185185185186 0.06770833333333333 0.12129629629629629
3 0.19505208333333332 0.23587962962962963 0.0453125 0.07916666666666666
6 0.3419270833333333 0.6615740740740741 0.12447916666666667 0.25277777777777777
10 0.3184895833333333 0.30694444444444446 0.06614583333333333 0.12222222222222222
7 0.209375 0.475462962962963 0.08645833333333333 0.2537037037037037
7 0.71875 0.45694444444444443 0.1125 0.25092592592592594
9 0.784375 0.6381944444444444 0.05520833333333333 0.0875
1 0.11276041666666667 0.3143518518518518 0.04739583333333333 0.07962962962962963
0 0.46770833333333334 0.10231481481481482 0.10104166666666667 0.15092592592592594
0 0.53984375 0.5819444444444445 0.11822916666666666 0.10740740740740741
8 0.45338541666666665 0.40532407407407406 0.10885416666666667 0.13935185185185187
