12 0.46822916666666664 0.15046296296296297 0.06041666666666667 0.08611111111111111
11 0.7263020833333333 0.830324074074074 0.1234375 0.2152777777777778
10 0.8088541666666667 0.6446759259259259 0.07083333333333333 0.1087962962962963
10 0.328125 0.6652777777777777 0.06458333333333334 0.11666666666666667
9 0.7421875 0.2590277777777778 0.04791666666666667 0.08564814814814815
9 0.10807291666666667 0.29074074074074074 0.05364583333333333 0.08796296296296297
8 0.46145833333333336 0.5523148148148148 0.058333333333333334 0.1925925925925926
7 0.6377604166666667 0.2335648148148148 0.09947916666666666 0.24768518518518517
7 0.3390625 0.9101851851851852 0.14270833333333333 0.16944444444444445
6 0.5041666666666667 0.8495370370370371 0.08958333333333333 0.2574074074074074
5 0.17708333333333334 0.30995370370370373 0.08125 0.21712962962962962
3 0.21432291666666667 0.7939814814814815 0.043229166666666666 0.07407407407407407
1 0.19947916666666668 0.9581018518518518 0.04791666666666667 0.07824074074074074
0 0.5815104166666667 0.5363425925925925 0.049479166666666664 0.20046296296296295
0 0.33880208333333334 0.3333333333333333 0.0328125 0.20833333333333334
2 0.7190104166666667 0.4981481481481482 0.0796875 0.13703703703703704
2 0.48828125 0.3333333333333333 0.0765625 0.13518518518518519
2 0.22838541666666667 0.5064814814814815 0.08385416666666666 0.13240740740740742
