12 0.4796875 0.14212962962962963 0.057291666666666664 0.08333333333333333
11 0.7161458333333334 0.8483796296296297 0.11875 0.21805555555555556
10 0.8044270833333333 0.6712962962962963 0.0703125 0.10648148148148148
10 0.32369791666666664 0.6412037037037037 0.06614583333333333 0.11388888888888889
9 0.11796875 0.24768518518518517 0.05364583333333333 0.08888888888888889
9 0.7502604166666667 0.2773148148148148 0.04635416666666667 0.08518518518518518
8 0.46015625 0.5428240740740741 0.058854166666666666 0.18935185185185185
7 0.6450520833333333 0.24282407407407408 0.09427083333333333 0.2449074074074074
7 0.32421875 0.8974537037037037 0.1421875 0.19953703703703704
6 0.49166666666666664 0.8449074074074074 0.08229166666666667 0.25092592592592594
5 0.18463541666666666 0.2738425925925926 0.0859375 0.21805555555555556
3 0.20546875 0.7576388888888889 0.043229166666666666 0.07175925925925926
2 0.7177083333333333 0.5157407407407407 0.08229166666666667 0.1388888888888889
2 0.4940104166666667 0.32731481481481484 0.0765625 0.13518518518518519
2 0.22916666666666666 0.47291666666666665 0.08125 0.1300925925925926
1 0.18645833333333334 0.9224537037037037 0.04583333333333333 0.08009259259259259
0 0.3453125 0.31296296296296294 0.03854166666666667 0.2074074074074074
0 0.5799479166666667 0.5414351851851852 0.05677083333333333 0.2023148148148148
