2 0.23723958333333334 0.5092592592592593 0.07760416666666667 0.1361111111111111
2 0.4947916666666667 0.6046296296296296 0.07916666666666666 0.14537037037037037
2 0.7294270833333333 0.34421296296296294 0.08697916666666666 0.1412037037037037
12 0.54140625 0.8108796296296297 0.06822916666666666 0.10138888888888889
3 0.70234375 0.08796296296296297 0.04114583333333333 0.075
8 0.5002604166666667 0.36921296296296297 0.05677083333333333 0.1912037037037037
5 0.80625 0.5203703703703704 0.05416666666666667 0.22314814814814815
11 0.20885416666666667 0.18888888888888888 0.134375 0.18055555555555555
6 0.42864583333333334 0.12083333333333333 0.10208333333333333 0.23981481481481481
7 0.34453125 0.7671296296296296 0.11822916666666666 0.25277777777777777
0 0.37578125 0.42939814814814814 0.03697916666666667 0.20694444444444443
0 0.6510416666666666 0.5532407407407407 0.03854166666666667 0.20833333333333334
9 0.22838541666666667 0.7891203703703704 0.05364583333333333 0.08194444444444444
9 0.8744791666666667 0.5196759259259259 0.053125 0.0837962962962963
10 0.13203125 0.39189814814814816 0.0734375 0.12824074074074074
10 0.61171875 0.23148148148148148 0.059895833333333336 0.12129629629629629
