0 0.29244791666666664 0.5030092592592592 0.08072916666666667 0.1865740740740741
0 0.56015625 0.37800925925925927 0.058854166666666666 0.19953703703703704
2 0.64921875 0.19490740740740742 0.0734375 0.13333333333333333
2 0.41458333333333336 0.3261574074074074 0.07291666666666667 0.1412037037037037
2 0.275 0.7659722222222223 0.0875 0.15231481481481482
5 0.15651041666666668 0.6722222222222223 0.0640625 0.23333333333333334
6 0.6143229166666667 0.7013888888888888 0.1390625 0.19444444444444445
7 0.4947916666666667 0.09236111111111112 0.13125 0.1763888888888889
7 0.51875 0.9321759259259259 0.13541666666666666 0.12731481481481483
8 0.47109375 0.5243055555555556 0.07760416666666667 0.18564814814814815
9 0.0921875 0.7384259259259259 0.059375 0.0787037037037037
10 0.7651041666666667 0.20717592592592593 0.06770833333333333 0.11064814814814815
10 0.41510416666666666 0.7685185185185185 0.06666666666666667 0.10740740740740741
11 0.76796875 0.44375 0.14427083333333332 0.0699074074074074
12 0.33098958333333334 0.20532407407407408 0.0640625 0.12268518518518519
