2 0.71875 0.4337962962962963 0.07708333333333334 0.13148148148148148
2 0.475 0.33425925925925926 0.078125 0.14907407407407408
2 0.23020833333333332 0.5858796296296296 0.084375 0.14305555555555555
12 0.4421875 0.17430555555555555 0.06458333333333334 0.09768518518518518
3 0.24296875 0.8796296296296297 0.044270833333333336 0.0787037037037037
8 0.46927083333333336 0.5652777777777778 0.053125 0.19444444444444445
5 0.15911458333333334 0.3997685185185185 0.06614583333333333 0.2273148148148148
11 0.7552083333333334 0.7668981481481482 0.134375 0.18935185185185185
6 0.5375 0.850462962962963 0.10520833333333333 0.25
7 0.6135416666666667 0.19745370370370371 0.11354166666666667 0.24305555555555555
0 0.32109375 0.3824074074074074 0.0359375 0.20833333333333334
0 0.5864583333333333 0.5159722222222223 0.03854166666666667 0.2023148148148148
9 0.08776041666666666 0.40324074074074073 0.05364583333333333 0.08611111111111111
9 0.7192708333333333 0.19166666666666668 0.051041666666666666 0.08888888888888889
10 0.34713541666666664 0.7155092592592592 0.06510416666666667 0.12638888888888888
10 0.8192708333333333 0.55625 0.06875 0.11527777777777778
