2 0.34453125 0.0763888888888889 0.08385416666666666 0.14722222222222223
2 0.5721354166666667 0.33958333333333335 0.0796875 0.1439814814814815
2 0.6328125 0.79375 0.08125 0.12453703703703704
12 0.6494791666666667 0.20185185185185187 0.06666666666666667 0.12129629629629629
3 0.20494791666666667 0.2074074074074074 0.0453125 0.075
6 0.32734375 0.6474537037037037 0.1296875 0.24861111111111112
10 0.3229166666666667 0.2967592592592593 0.06458333333333334 0.11944444444444445
7 0.7122395833333334 0.5009259259259259 0.1171875 0.24351851851851852
7 0.20703125 0.444212962962963 0.07447916666666667 0.25046296296296294
9 0.7690104166666667 0.687962962962963 0.0546875 0.08703703703703704
1 0.11979166666666667 0.27361111111111114 0.04583333333333333 0.075
0 0.4830729166666667 0.12638888888888888 0.1078125 0.13055555555555556
0 0.528125 0.5962962962962963 0.11979166666666667 0.09259259259259259
8 0.45026041666666666 0.4152777777777778 0.11197916666666667 0.13333333333333333
