2 0.6268229166666667 0.06712962962962964 0.0765625 0.1287037037037037
2 0.5440104166666667 0.49907407407407406 0.06927083333333334 0.13148148148148148
2 0.31015625 0.7210648148148148 0.08385416666666666 0.14305555555555555
12 0.6479166666666667 0.5995370370370371 0.06041666666666667 0.12129629629629629
8 0.4705729166666667 0.319212962962963 0.0859375 0.1726851851851852
5 0.74296875 0.1099537037037037 0.08385416666666666 0.20416666666666666
11 0.16588541666666667 0.5099537037037037 0.1546875 0.08009259259259259
6 0.31197916666666664 0.1865740740740741 0.14166666666666666 0.18981481481481483
7 0.48932291666666666 0.7872685185185185 0.14427083333333332 0.1587962962962963
0 0.390625 0.49699074074074073 0.07395833333333333 0.18472222222222223
0 0.6408854166666667 0.29583333333333334 0.09427083333333333 0.14907407407407408
9 0.4041666666666667 0.9393518518518519 0.046875 0.09351851851851851
9 0.7895833333333333 0.04050925925925926 0.052083333333333336 0.07731481481481481
10 0.4973958333333333 0.08773148148148148 0.06354166666666666 0.1125
10 0.18046875 0.7516203703703703 0.0796875 0.10972222222222222
