12 0.25677083333333334 0.4219907407407407 0.041666666666666664 0.11342592592592593
11 0.6877604166666667 0.13472222222222222 0.12239583333333333 0.1685185185185185
10 0.53515625 0.7715277777777778 0.0609375 0.11712962962962963
8 0.49635416666666665 0.5138888888888888 0.10520833333333333 0.11944444444444445
7 0.35182291666666665 0.14652777777777778 0.1328125 0.1449074074074074
7 0.6755208333333333 0.7972222222222223 0.11979166666666667 0.2361111111111111
6 0.665625 0.500462962962963 0.140625 0.11851851851851852
0 0.5109375 0.30995370370370373 0.10416666666666667 0.12453703703703704
0 0.34348958333333335 0.712037037037037 0.12239583333333333 0.07407407407407407
2 0.5177083333333333 0.07800925925925926 0.07604166666666666 0.1476851851851852
2 0.378125 0.4263888888888889 0.06979166666666667 0.13796296296296295
2 0.42473958333333334 0.9263888888888889 0.0671875 0.13703703703703704
