2 0.4671875 0.07893518518518519 0.075 0.14212962962962963
2 0.37057291666666664 0.47430555555555554 0.07760416666666667 0.1449074074074074
2 0.4739583333333333 0.9344907407407408 0.07395833333333333 0.12546296296296297
3 0.6369791666666667 0.9599537037037037 0.042708333333333334 0.07175925925925926
0 0.48854166666666665 0.3125 0.1125 0.09351851851851851
0 0.36875 0.7694444444444445 0.12291666666666666 0.06388888888888888
6 0.66171875 0.4476851851851852 0.1421875 0.15925925925925927
7 0.31197916666666664 0.20439814814814813 0.13958333333333334 0.1837962962962963
7 0.7044270833333334 0.7340277777777777 0.10572916666666667 0.24212962962962964
8 0.49947916666666664 0.5192129629629629 0.10729166666666666 0.10046296296296296
10 0.5645833333333333 0.75625 0.06354166666666666 0.1125
12 0.25 0.5108796296296296 0.04791666666666667 0.11342592592592593
