12 0.37135416666666665 0.19791666666666666 0.065625 0.11157407407407408
11 0.7643229166666666 0.6298611111111111 0.14427083333333332 0.12824074074074074
10 0.36875 0.7824074074074074 0.0625 0.12129629629629629
10 0.7953125 0.39537037037037037 0.06875 0.1111111111111111
9 0.6455729166666667 0.09513888888888888 0.04739583333333333 0.0837962962962963
9 0.06354166666666666 0.6106481481481482 0.057291666666666664 0.08611111111111111
8 0.46145833333333336 0.5766203703703704 0.06875 0.2013888888888889
7 0.546875 0.1511574074074074 0.12395833333333334 0.22916666666666666
6 0.5744791666666667 0.8138888888888889 0.12604166666666666 0.23425925925925925
5 0.13567708333333334 0.5726851851851852 0.034895833333333334 0.22685185185185186
2 0.6825520833333333 0.3326388888888889 0.06510416666666667 0.1162037037037037
2 0.4348958333333333 0.3523148148148148 0.08020833333333334 0.14629629629629629
2 0.234375 0.7162037037037037 0.09270833333333334 0.1527777777777778
0 0.2916666666666667 0.4703703703703704 0.05416666666666667 0.20833333333333334
0 0.5669270833333333 0.4685185185185185 0.034895833333333334 0.2064814814814815
