2 0.24114583333333334 0.6219907407407408 0.06979166666666667 0.12453703703703704
2 0.5067708333333333 0.586574074074074 0.08125 0.15
2 0.6877604166666667 0.21851851851851853 0.0859375 0.14907407407407408
12 0.584375 0.7576388888888889 0.06875 0.11712962962962963
8 0.47630208333333335 0.3578703703703704 0.0703125 0.1962962962962963
5 0.78671875 0.34953703703703703 0.04739583333333333 0.21944444444444444
11 0.15911458333333334 0.3194444444444444 0.1515625 0.13333333333333333
6 0.36276041666666664 0.13773148148148148 0.12552083333333333 0.2375
7 0.390625 0.8155092592592592 0.13854166666666667 0.22916666666666666
0 0.36822916666666666 0.4726851851851852 0.03854166666666667 0.20925925925925926
0 0.6455729166666667 0.45601851851851855 0.06197916666666667 0.19722222222222222
9 0.2794270833333333 0.8958333333333334 0.05364583333333333 0.08796296296296297
9 0.8505208333333333 0.31689814814814815 0.05416666666666667 0.08657407407407407
10 0.1171875 0.5652777777777778 0.07604166666666666 0.12129629629629629
10 0.5598958333333334 0.16435185185185186 0.06145833333333333 0.11944444444444445
