2 0.35182291666666665 0.0738425925925926 0.0828125 0.14212962962962963
2 0.5747395833333333 0.3474537037037037 0.08177083333333333 0.14583333333333334
2 0.6247395833333333 0.8050925925925926 0.07760416666666667 0.11944444444444445
12 0.6546875 0.21550925925925926 0.065625 0.12731481481481483
3 0.21145833333333333 0.19143518518518518 0.04479166666666667 0.07916666666666666
6 0.3234375 0.6368055555555555 0.13229166666666667 0.2449074074074074
10 0.3263020833333333 0.2861111111111111 0.06614583333333333 0.12037037037037036
7 0.20807291666666666 0.42986111111111114 0.06822916666666666 0.2513888888888889
7 0.71171875 0.518287037037037 0.12239583333333333 0.2412037037037037
9 0.76484375 0.7074074074074074 0.0546875 0.08796296296296297
1 0.12526041666666668 0.2523148148148148 0.0484375 0.07592592592592592
0 0.525 0.6027777777777777 0.121875 0.08611111111111111
0 0.48984375 0.12453703703703704 0.10572916666666667 0.12037037037037036
8 0.45 0.41412037037037036 0.11145833333333334 0.1310185185185185
