2 0.24348958333333334 0.40069444444444446 0.08697916666666666 0.1597222222222222
2 0.4747395833333333 0.6203703703703703 0.0765625 0.1388888888888889
2 0.7440104166666667 0.4925925925925926 0.08489583333333334 0.1287037037037037
1 0.77734375 0.08055555555555556 0.04114583333333333 0.07222222222222222
12 0.48385416666666664 0.8469907407407408 0.06041666666666667 0.08101851851851852
3 0.7611979166666667 0.22546296296296298 0.043229166666666666 0.07222222222222222
8 0.5138020833333333 0.40324074074074073 0.06197916666666667 0.1925925925925926
5 0.7919270833333333 0.705787037037037 0.08489583333333334 0.2152777777777778
6 0.4921875 0.12384259259259259 0.07604166666666666 0.24768518518518517
7 0.30572916666666666 0.7034722222222223 0.09270833333333334 0.25787037037037036
0 0.38984375 0.39537037037037037 0.06510416666666667 0.19444444444444445
0 0.6333333333333333 0.6534722222222222 0.036458333333333336 0.21342592592592594
9 0.19166666666666668 0.6587962962962963 0.051041666666666666 0.08796296296296297
9 0.8604166666666667 0.7363425925925926 0.053125 0.08101851851851852
10 0.1671875 0.24375 0.07291666666666667 0.11064814814814815
10 0.6494791666666667 0.32222222222222224 0.06666666666666667 0.1175925925925926
