7 0.6059895833333333 0.10023148148148148 0.11822916666666666 0.20046296296296295
7 0.3890625 0.8914351851851852 0.14895833333333333 0.15416666666666667
12 0.42109375 0.05162037037037037 0.06510416666666667 0.09768518518518518
0 0.3106770833333333 0.29421296296296295 0.03697916666666667 0.21712962962962962
0 0.59140625 0.40023148148148147 0.0328125 0.21435185185185185
11 0.775 0.6388888888888888 0.14791666666666667 0.17962962962962964
5 0.14635416666666667 0.331712962962963 0.06458333333333334 0.23287037037037037
8 0.46848958333333335 0.46296296296296297 0.059895833333333336 0.20555555555555555
2 0.22317708333333333 0.5078703703703704 0.0921875 0.15092592592592594
2 0.4669270833333333 0.23194444444444445 0.08177083333333333 0.1537037037037037
2 0.7231770833333333 0.30810185185185185 0.07552083333333333 0.13842592592592592
6 0.55234375 0.743287037037037 0.1171875 0.2587962962962963
3 0.24375 0.8122685185185186 0.046875 0.08101851851851852
9 0.07317708333333334 0.34120370370370373 0.0546875 0.09166666666666666
9 0.7130208333333333 0.06412037037037037 0.05 0.08657407407407407
10 0.8328125 0.41574074074074074 0.06770833333333333 0.12037037037037036
10 0.34739583333333335 0.6324074074074074 0.06354166666666666 0.12129629629629629
