12 0.3065104166666667 0.19907407407407407 0.06302083333333333 0.11944444444444445
11 0.759375 0.3539351851851852 0.14166666666666666 0.07175925925925926
10 0.7411458333333333 0.13587962962962963 0.06770833333333333 0.10972222222222222
10 0.42942708333333335 0.7453703703703703 0.0640625 0.10277777777777777
9 0.1078125 0.7789351851851852 0.059375 0.08101851851851852
8 0.46901041666666665 0.49444444444444446 0.08177083333333333 0.17962962962962964
7 0.46770833333333334 0.07546296296296297 0.13020833333333334 0.15092592592592594
7 0.5427083333333333 0.9046296296296297 0.13645833333333332 0.17685185185185184
6 0.6234375 0.6435185185185185 0.13854166666666667 0.17592592592592593
5 0.16875 0.700925925925926 0.07604166666666666 0.22685185185185186
2 0.29010416666666666 0.7689814814814815 0.08333333333333333 0.14814814814814814
2 0.40286458333333336 0.3138888888888889 0.07135416666666666 0.13796296296296295
2 0.6278645833333333 0.14282407407407408 0.07552083333333333 0.1412037037037037
0 0.28958333333333336 0.5136574074074074 0.09375 0.17083333333333334
0 0.55078125 0.3372685185185185 0.06614583333333333 0.1884259259259259
