0 0.3953125 0.3576388888888889 0.1 0.1412037037037037
0 0.5484375 0.7824074074074074 0.08125 0.19444444444444445
1 0.82890625 0.37453703703703706 0.04635416666666667 0.07407407407407407
6 0.5565104166666667 0.1865740740740741 0.07760416666666667 0.2564814814814815
3 0.7770833333333333 0.4935185185185185 0.046875 0.075
12 0.3625 0.8296296296296296 0.071875 0.10740740740740741
8 0.5028645833333333 0.4664351851851852 0.0890625 0.1625
9 0.15729166666666666 0.43819444444444444 0.058333333333333334 0.08101851851851852
7 0.24166666666666667 0.5532407407407407 0.0875 0.25
7 0.7078125 0.2724537037037037 0.115625 0.23657407407407408
5 0.67890625 0.9324074074074075 0.1234375 0.125
10 0.23984375 0.06111111111111111 0.06510416666666667 0.11851851851851852
10 0.6484375 0.4935185185185185 0.06458333333333334 0.12037037037037036
2 0.2643229166666667 0.2518518518518518 0.08385416666666666 0.15
2 0.41015625 0.6243055555555556 0.06822916666666666 0.11157407407407408
2 0.6893229166666667 0.7240740740740741 0.07864583333333333 0.125
