2 0.7072916666666667 0.27546296296296297 0.08645833333333333 0.14444444444444443
2 0.5005208333333333 0.594212962962963 0.084375 0.1439814814814815
2 0.2359375 0.5645833333333333 0.07604166666666666 0.12453703703703704
12 0.5630208333333333 0.7833333333333333 0.06979166666666667 0.11388888888888889
3 0.6604166666666667 0.03611111111111111 0.041666666666666664 0.07037037037037037
8 0.48489583333333336 0.3608796296296296 0.06458333333333334 0.1986111111111111
5 0.796875 0.4303240740740741 0.03854166666666667 0.22083333333333333
11 0.18046875 0.2488425925925926 0.1421875 0.15601851851851853
6 0.39296875 0.12337962962962963 0.11614583333333334 0.2449074074074074
7 0.36640625 0.7921296296296296 0.1296875 0.2361111111111111
0 0.36875 0.45 0.036458333333333336 0.2074074074074074
0 0.6463541666666667 0.5025462962962963 0.04791666666666667 0.2050925925925926
9 0.25052083333333336 0.8451388888888889 0.05520833333333333 0.08287037037037037
9 0.8635416666666667 0.40902777777777777 0.052083333333333336 0.0837962962962963
10 0.12057291666666667 0.480787037037037 0.07135416666666666 0.1300925925925926
10 0.584375 0.19398148148148148 0.058333333333333334 0.12129629629629629
