0 0.33645833333333336 0.3416666666666667 0.035416666666666666 0.2074074074074074
0 0.5817708333333333 0.5363425925925925 0.04791666666666667 0.20046296296296295
1 0.20338541666666668 0.9641203703703703 0.0453125 0.06620370370370371
6 0.5075520833333333 0.8518518518518519 0.09322916666666667 0.25092592592592594
3 0.2171875 0.8069444444444445 0.04583333333333333 0.07407407407407407
12 0.46458333333333335 0.15486111111111112 0.06041666666666667 0.09490740740740741
8 0.46328125 0.555324074074074 0.058854166666666666 0.19212962962962962
11 0.7294270833333333 0.8247685185185185 0.12447916666666667 0.20787037037037037
5 0.1734375 0.32175925925925924 0.08229166666666667 0.22314814814814815
9 0.10572916666666667 0.3050925925925926 0.05520833333333333 0.08518518518518518
9 0.7403645833333333 0.24791666666666667 0.050520833333333334 0.08101851851851852
7 0.6338541666666667 0.2275462962962963 0.10208333333333333 0.24953703703703703
7 0.3416666666666667 0.9145833333333333 0.14479166666666668 0.1625
10 0.33125 0.6747685185185185 0.06875 0.11157407407407408
10 0.8098958333333334 0.6326388888888889 0.07291666666666667 0.11064814814814815
2 0.22838541666666667 0.51875 0.08697916666666666 0.1375
2 0.7200520833333334 0.49189814814814814 0.08072916666666667 0.1412037037037037
2 0.48671875 0.3351851851851852 0.07552083333333333 0.13703703703703704
