2 0.5731770833333333 0.3814814814814815 0.0734375 0.1388888888888889
2 0.43307291666666664 0.7759259259259259 0.0859375 0.15185185185185185
12 0.6885416666666667 0.3789351851851852 0.040625 0.1125
11 0.24114583333333334 0.7240740740740741 0.14479166666666668 0.1962962962962963
6 0.2796875 0.30694444444444446 0.14583333333333334 0.1361111111111111
10 0.415625 0.06273148148148149 0.058333333333333334 0.11527777777777778
10 0.32734375 0.9210648148148148 0.06614583333333333 0.12638888888888888
7 0.6111979166666667 0.669212962962963 0.1453125 0.14583333333333334
9 0.5783854166666667 0.8810185185185185 0.0515625 0.08425925925925926
0 0.59609375 0.1287037037037037 0.11510416666666666 0.07777777777777778
0 0.4395833333333333 0.5118055555555555 0.11145833333333334 0.11712962962962963
8 0.4544270833333333 0.2935185185185185 0.1078125 0.11944444444444445
