0 0.39505208333333336 0.37175925925925923 0.1109375 0.1175925925925926
0 0.503125 0.8476851851851852 0.09583333333333334 0.1787037037037037
1 0.8247395833333333 0.5291666666666667 0.0453125 0.07314814814814814
6 0.57109375 0.24976851851851853 0.09739583333333333 0.25046296296296294
3 0.75859375 0.6298611111111111 0.0453125 0.07731481481481481
12 0.30963541666666666 0.8277777777777777 0.07447916666666667 0.11574074074074074
8 0.490625 0.5171296296296296 0.10208333333333333 0.14814814814814814
9 0.15234375 0.3747685185185185 0.0546875 0.08194444444444444
7 0.22161458333333334 0.5217592592592593 0.10885416666666667 0.2574074074074074
7 0.7125 0.38796296296296295 0.103125 0.23703703703703705
10 0.6309895833333333 0.5835648148148148 0.0609375 0.1125
2 0.27838541666666666 0.22800925925925927 0.08385416666666666 0.14583333333333334
2 0.3802083333333333 0.6381944444444444 0.078125 0.12731481481481483
2 0.6481770833333333 0.8317129629629629 0.08177083333333333 0.14675925925925926
