0 0.41770833333333335 0.3490740740740741 0.115625 0.07222222222222222
0 0.45078125 0.8537037037037037 0.11302083333333333 0.13425925925925927
1 0.8122395833333333 0.6949074074074074 0.0453125 0.07314814814814814
6 0.6046875 0.3090277777777778 0.11875 0.23472222222222222
3 0.7322916666666667 0.7641203703703704 0.04479166666666667 0.07731481481481481
12 0.26875 0.7449074074074075 0.07083333333333333 0.12314814814814815
8 0.4903645833333333 0.5243055555555556 0.11197916666666667 0.12638888888888888
9 0.18802083333333333 0.24282407407407408 0.052083333333333336 0.08657407407407407
7 0.23098958333333333 0.41226851851851853 0.1296875 0.24768518518518517
7 0.7221354166666667 0.5053240740740741 0.08177083333333333 0.23287037037037037
10 0.6130208333333333 0.6599537037037037 0.065625 0.11527777777777778
2 0.32838541666666665 0.1613425925925926 0.0703125 0.12361111111111112
2 0.36432291666666666 0.5951388888888889 0.08385416666666666 0.14027777777777778
2 0.5934895833333333 0.9041666666666667 0.08489583333333334 0.16203703703703703
