12 0.37916666666666665 0.1951388888888889 0.065625 0.11157407407407408
11 0.7638020833333333 0.6539351851851852 0.14322916666666666 0.1412037037037037
10 0.7984375 0.41967592592592595 0.06770833333333333 0.11435185185185186
10 0.3625 0.7773148148148148 0.0625 0.11944444444444445
9 0.0625 0.5798611111111112 0.05625 0.0837962962962963
9 0.6565104166666667 0.10902777777777778 0.049479166666666664 0.08009259259259259
8 0.46067708333333335 0.5780092592592593 0.06614583333333333 0.1986111111111111
7 0.5565104166666667 0.15694444444444444 0.1234375 0.23333333333333334
6 0.5677083333333334 0.8222222222222222 0.12604166666666666 0.2388888888888889
5 0.13463541666666667 0.5474537037037037 0.04114583333333333 0.2300925925925926
2 0.6880208333333333 0.3488425925925926 0.0625 0.11527777777777778
2 0.43854166666666666 0.35 0.078125 0.14907407407407408
2 0.23046875 0.7002314814814815 0.0921875 0.1550925925925926
0 0.29270833333333335 0.45787037037037037 0.05 0.20925925925925926
0 0.5674479166666667 0.4787037037037037 0.0359375 0.2074074074074074
