0 0.3932291666666667 0.3599537037037037 0.08541666666666667 0.17453703703703705
0 0.6041666666666666 0.705324074074074 0.05416666666666667 0.2125
1 0.8138020833333334 0.19050925925925927 0.0453125 0.07083333333333333
6 0.5252604166666667 0.12777777777777777 0.050520833333333334 0.2537037037037037
3 0.78046875 0.3296296296296296 0.044270833333333336 0.07314814814814814
12 0.42994791666666665 0.8347222222222223 0.06614583333333333 0.08611111111111111
8 0.5122395833333333 0.4150462962962963 0.0734375 0.18472222222222223
9 0.17057291666666666 0.5449074074074074 0.0546875 0.08888888888888889
9 0.8177083333333334 0.8701388888888889 0.05520833333333333 0.0837962962962963
7 0.27421875 0.6229166666666667 0.0734375 0.24861111111111112
7 0.6838541666666667 0.14467592592592593 0.13229166666666667 0.2263888888888889
5 0.7515625 0.8134259259259259 0.10625 0.20092592592592592
10 0.65625 0.38055555555555554 0.07083333333333333 0.11388888888888889
10 0.196875 0.13657407407407407 0.07395833333333333 0.11944444444444445
2 0.24869791666666666 0.3122685185185185 0.0890625 0.15694444444444444
2 0.446875 0.6097222222222223 0.07083333333333333 0.11944444444444445
2 0.72890625 0.5837962962962963 0.07135416666666666 0.10555555555555556
