0 0.39557291666666666 0.3627314814814815 0.10989583333333333 0.12731481481481483
0 0.5236979166666667 0.8236111111111111 0.09010416666666667 0.19444444444444445
1 0.8278645833333333 0.4685185185185185 0.0484375 0.07407407407407407
6 0.5666666666666667 0.22407407407407406 0.090625 0.25277777777777777
3 0.76875 0.5770833333333333 0.04479166666666667 0.07824074074074074
12 0.3294270833333333 0.83125 0.07552083333333333 0.1162037037037037
8 0.49661458333333336 0.4946759259259259 0.09739583333333333 0.15601851851851853
9 0.15286458333333333 0.3958333333333333 0.05572916666666667 0.0787037037037037
7 0.22942708333333334 0.5349537037037037 0.10260416666666666 0.2569444444444444
7 0.71328125 0.34074074074074073 0.10989583333333333 0.23703703703703705
10 0.63984375 0.5497685185185185 0.0640625 0.12268518518518519
2 0.27265625 0.23449074074074075 0.08385416666666666 0.14305555555555555
2 0.39375 0.6351851851851852 0.07395833333333333 0.1175925925925926
2 0.6640625 0.7907407407407407 0.084375 0.13796296296296295
