2 0.5763020833333333 0.36574074074074076 0.08385416666666666 0.14907407407407408
2 0.6028645833333334 0.8317129629629629 0.07239583333333334 0.11157407407407408
12 0.6640625 0.24768518518518517 0.065625 0.12222222222222222
3 0.22578125 0.15300925925925926 0.0421875 0.07731481481481481
6 0.3125 0.6159722222222223 0.13854166666666667 0.23472222222222222
10 0.334375 0.2671296296296296 0.06666666666666667 0.11574074074074074
7 0.20833333333333334 0.38796296296296295 0.07395833333333333 0.24444444444444444
7 0.7052083333333333 0.5597222222222222 0.13125 0.2351851851851852
9 0.7484375 0.7597222222222222 0.051041666666666666 0.08611111111111111
1 0.13880208333333333 0.2023148148148148 0.0453125 0.07685185185185185
0 0.5052083333333334 0.13333333333333333 0.1125 0.10648148148148148
0 0.5138020833333333 0.6101851851851852 0.12135416666666667 0.0712962962962963
8 0.44947916666666665 0.41412037037037036 0.11458333333333333 0.12361111111111112
