7 0.6255208333333333 0.11041666666666666 0.11354166666666667 0.2152777777777778
7 0.3690104166666667 0.8631944444444445 0.14947916666666666 0.1726851851851852
12 0.4427083333333333 0.04189814814814815 0.06458333333333334 0.08194444444444444
0 0.32057291666666665 0.2622685185185185 0.0359375 0.21805555555555556
0 0.59375 0.4081018518518518 0.03958333333333333 0.21435185185185185
11 0.76640625 0.6752314814814815 0.14322916666666666 0.19768518518518519
5 0.1578125 0.2724537037037037 0.07395833333333333 0.22916666666666666
8 0.46927083333333336 0.44930555555555557 0.05520833333333333 0.2013888888888889
1 0.22578125 0.9402777777777778 0.0484375 0.08425925925925926
2 0.7296875 0.337037037037037 0.078125 0.14537037037037037
2 0.47994791666666664 0.22175925925925927 0.08177083333333333 0.15092592592592594
2 0.22395833333333334 0.4597222222222222 0.09270833333333334 0.14907407407407408
6 0.5375 0.7442129629629629 0.10833333333333334 0.26064814814814813
3 0.22890625 0.7631944444444444 0.0453125 0.08101851851851852
9 0.0859375 0.27152777777777776 0.05416666666666667 0.09305555555555556
9 0.7325520833333333 0.09328703703703704 0.050520833333333334 0.0875
10 0.340625 0.5986111111111111 0.06666666666666667 0.11944444444444445
10 0.8354166666666667 0.462037037037037 0.07083333333333333 0.12037037037037036
