2 0.6963541666666667 0.38310185185185186 0.06875 0.12268518518518519
2 0.4484375 0.3451388888888889 0.08125 0.1449074074074074
2 0.22447916666666667 0.6560185185185186 0.09166666666666666 0.14722222222222223
12 0.4002604166666667 0.18310185185185185 0.06614583333333333 0.11157407407407408
5 0.13828125 0.48865740740740743 0.0515625 0.22916666666666666
3 0.26015625 0.94375 0.0453125 0.08101851851851852
11 0.7572916666666667 0.7013888888888888 0.14166666666666666 0.16111111111111112
6 0.5518229166666667 0.8356481481481481 0.1203125 0.24814814814814815
10 0.8049479166666667 0.475462962962963 0.06614583333333333 0.11944444444444445
10 0.3515625 0.757175925925926 0.0625 0.12083333333333333
7 0.57578125 0.17314814814814813 0.11927083333333334 0.2361111111111111
9 0.6786458333333333 0.14050925925925925 0.05 0.08194444444444444
9 0.06614583333333333 0.5064814814814815 0.05520833333333333 0.08888888888888889
0 0.5731770833333333 0.4949074074074074 0.033854166666666664 0.20833333333333334
0 0.2984375 0.4284722222222222 0.042708333333333334 0.21157407407407408
8 0.459375 0.5745370370370371 0.06354166666666666 0.19907407407407407
