2 0.7356770833333334 0.39699074074074076 0.08385416666666666 0.1439814814814815
2 0.4984375 0.22013888888888888 0.07916666666666666 0.1476851851851852
2 0.22734375 0.3787037037037037 0.08489583333333334 0.13518518518518519
5 0.17994791666666668 0.18263888888888888 0.09114583333333333 0.22083333333333333
1 0.18463541666666666 0.8460648148148148 0.04739583333333333 0.08101851851851852
3 0.20442708333333334 0.6747685185185185 0.04739583333333333 0.07824074074074074
11 0.7419270833333333 0.7439814814814815 0.13177083333333334 0.22407407407407406
0 0.34322916666666664 0.21319444444444444 0.036458333333333336 0.2152777777777778
0 0.59296875 0.4305555555555556 0.0546875 0.20925925925925926
6 0.5059895833333333 0.74375 0.09010416666666667 0.25972222222222224
8 0.4671875 0.43495370370370373 0.06041666666666667 0.20046296296296295
9 0.76171875 0.15601851851851853 0.050520833333333334 0.08888888888888889
9 0.1125 0.16041666666666668 0.05416666666666667 0.09212962962962963
10 0.8299479166666667 0.5509259259259259 0.07447916666666667 0.11666666666666667
10 0.32760416666666664 0.5483796296296296 0.06875 0.11527777777777778
7 0.6528645833333333 0.12824074074074074 0.10052083333333334 0.25092592592592594
7 0.3296875 0.8108796296296297 0.15104166666666666 0.20046296296296295
