0 0.4122395833333333 0.35532407407407407 0.1140625 0.07916666666666666
0 0.45989583333333334 0.8574074074074074 0.11041666666666666 0.14537037037037037
1 0.8153645833333333 0.6678240740740741 0.04739583333333333 0.07175925925925926
6 0.5997395833333333 0.29814814814814816 0.11614583333333334 0.2388888888888889
3 0.73828125 0.7439814814814815 0.044270833333333336 0.07407407407407407
12 0.2755208333333333 0.7659722222222223 0.07395833333333333 0.12453703703703704
8 0.4903645833333333 0.524537037037037 0.10989583333333333 0.13333333333333333
9 0.17890625 0.2712962962962963 0.05260416666666667 0.08888888888888889
7 0.22682291666666668 0.43472222222222223 0.12760416666666666 0.2518518518518518
7 0.7208333333333333 0.4840277777777778 0.08645833333333333 0.2300925925925926
10 0.6161458333333333 0.649074074074074 0.06458333333333334 0.10925925925925926
2 0.31744791666666666 0.17430555555555555 0.07447916666666667 0.12731481481481483
2 0.36640625 0.6076388888888888 0.08072916666666667 0.1375
2 0.6026041666666667 0.8949074074074074 0.08541666666666667 0.15925925925925927
