12 0.30546875 0.20046296296296295 0.0609375 0.11851851851851852
11 0.7578125 0.35300925925925924 0.140625 0.0699074074074074
10 0.7390625 0.1363425925925926 0.06770833333333333 0.1087962962962963
10 0.42890625 0.7472222222222222 0.06510416666666667 0.10277777777777777
9 0.10807291666666667 0.780787037037037 0.05677083333333333 0.08287037037037037
8 0.46822916666666664 0.49560185185185185 0.08125 0.18194444444444444
7 0.46510416666666665 0.07546296296296297 0.13020833333333334 0.15092592592592594
7 0.5427083333333333 0.9043981481481481 0.13645833333333332 0.1736111111111111
6 0.6229166666666667 0.6430555555555556 0.140625 0.17685185185185184
5 0.16901041666666666 0.7013888888888888 0.0765625 0.22962962962962963
2 0.6268229166666667 0.14421296296296296 0.07447916666666667 0.13842592592592592
2 0.403125 0.31203703703703706 0.06979166666666667 0.13425925925925927
2 0.290625 0.7701388888888889 0.08229166666666667 0.1439814814814815
0 0.28880208333333335 0.5164351851851852 0.09427083333333333 0.1699074074074074
0 0.55 0.33611111111111114 0.06770833333333333 0.18888888888888888
