7 0.6471354166666666 0.12384259259259259 0.10364583333333334 0.2439814814814815
7 0.33541666666666664 0.8217592592592593 0.15104166666666666 0.19444444444444445
0 0.3380208333333333 0.22152777777777777 0.035416666666666666 0.21435185185185185
0 0.59140625 0.4275462962962963 0.050520833333333334 0.21342592592592594
11 0.7455729166666667 0.7298611111111111 0.13385416666666666 0.21805555555555556
5 0.17421875 0.1988425925925926 0.08489583333333334 0.2199074074074074
8 0.4661458333333333 0.4386574074074074 0.059375 0.20046296296296295
1 0.19088541666666667 0.8643518518518518 0.04739583333333333 0.07777777777777778
2 0.73359375 0.3875 0.0828125 0.14537037037037037
2 0.4940104166666667 0.22060185185185185 0.07864583333333333 0.14675925925925926
2 0.22526041666666666 0.39375 0.08489583333333334 0.14027777777777778
6 0.51015625 0.7446759259259259 0.09427083333333333 0.26157407407407407
3 0.20755208333333333 0.6925925925925925 0.04635416666666667 0.07777777777777778
9 0.10494791666666667 0.17962962962962964 0.05260416666666667 0.09259259259259259
9 0.7552083333333334 0.14606481481481481 0.04895833333333333 0.0912037037037037
10 0.32864583333333336 0.5564814814814815 0.06979166666666667 0.11944444444444445
10 0.8299479166666667 0.5361111111111111 0.0734375 0.11666666666666667
