2 0.28203125 0.18009259259259258 0.08177083333333333 0.13148148148148148
2 0.55703125 0.2793981481481482 0.06822916666666666 0.12083333333333333
2 0.71484375 0.6543981481481481 0.09114583333333333 0.14583333333333334
12 0.6002604166666666 0.09814814814814815 0.0671875 0.10555555555555556
3 0.17942708333333332 0.40578703703703706 0.0453125 0.07916666666666666
6 0.4044270833333333 0.7340277777777777 0.09010416666666667 0.26342592592592595
10 0.75234375 0.882175925925926 0.07552083333333333 0.12916666666666668
10 0.315625 0.40879629629629627 0.06875 0.12037037037037036
7 0.24088541666666666 0.63125 0.1203125 0.25787037037037036
7 0.721875 0.3337962962962963 0.078125 0.25462962962962965
9 0.8140625 0.46574074074074073 0.05416666666666667 0.08888888888888889
1 0.1140625 0.5296296296296297 0.05 0.07962962962962963
0 0.42526041666666664 0.13773148148148148 0.08385416666666666 0.18287037037037038
0 0.5768229166666666 0.5474537037037037 0.10572916666666667 0.16064814814814815
8 0.46588541666666666 0.4275462962962963 0.09635416666666667 0.1699074074074074
