0 0.2916666666666667 0.4925925925925926 0.075 0.19166666666666668
0 0.5638020833333334 0.4048611111111111 0.0515625 0.19953703703703704
2 0.6606770833333333 0.23680555555555555 0.06927083333333334 0.12824074074074074
2 0.4200520833333333 0.331712962962963 0.07447916666666667 0.14027777777777778
2 0.26145833333333335 0.7516203703703703 0.08958333333333333 0.15324074074074073
5 0.14869791666666668 0.6465277777777778 0.0578125 0.2310185185185185
6 0.60390625 0.7358796296296296 0.13697916666666668 0.20601851851851852
7 0.5114583333333333 0.10347222222222222 0.12916666666666668 0.2013888888888889
8 0.46927083333333336 0.5414351851851852 0.075 0.19027777777777777
9 0.08177083333333333 0.7039351851851852 0.057291666666666664 0.08101851851851852
10 0.4010416666666667 0.7759259259259259 0.06458333333333334 0.11018518518518519
10 0.77578125 0.26319444444444445 0.06927083333333334 0.11157407407407408
11 0.7697916666666667 0.500462962962963 0.14375 0.09074074074074075
12 0.34322916666666664 0.2023148148148148 0.065625 0.11851851851851852
