0 0.3924479166666667 0.35694444444444445 0.0921875 0.1648148148148148
0 0.5833333333333334 0.7393518518518518 0.06145833333333333 0.2074074074074074
1 0.82109375 0.2625 0.0421875 0.07314814814814814
6 0.5361979166666667 0.14560185185185184 0.06197916666666667 0.24953703703703703
3 0.7799479166666666 0.3939814814814815 0.044270833333333336 0.07314814814814814
12 0.4002604166666667 0.8337962962962963 0.06822916666666666 0.09166666666666666
8 0.5067708333333333 0.4351851851851852 0.08020833333333334 0.17777777777777778
9 0.1609375 0.49953703703703706 0.05625 0.08888888888888889
9 0.7846354166666667 0.9425925925925925 0.05572916666666667 0.08888888888888889
7 0.25729166666666664 0.5976851851851852 0.06979166666666667 0.24166666666666667
7 0.6947916666666667 0.19305555555555556 0.125 0.2361111111111111
5 0.7239583333333334 0.8740740740740741 0.115625 0.1925925925925926
10 0.21015625 0.09722222222222222 0.0703125 0.12314814814814815
10 0.653125 0.42453703703703705 0.06666666666666667 0.11666666666666667
2 0.25442708333333336 0.28726851851851853 0.08697916666666666 0.1476851851851852
2 0.43072916666666666 0.6180555555555556 0.06666666666666667 0.10833333333333334
2 0.7135416666666666 0.6386574074074074 0.07291666666666667 0.1125
