0 0.434375 0.331712962962963 0.11666666666666667 0.055092592592592596
0 0.4276041666666667 0.8439814814814814 0.11979166666666667 0.11481481481481481
1 0.8018229166666667 0.7777777777777778 0.04739583333333333 0.075
6 0.6247395833333333 0.337037037037037 0.13177083333333334 0.2222222222222222
3 0.715625 0.8252314814814815 0.046875 0.07916666666666666
12 0.25755208333333335 0.6909722222222222 0.06927083333333334 0.12824074074074074
8 0.49270833333333336 0.5206018518518518 0.1125 0.11342592592592593
9 0.21666666666666667 0.17453703703703705 0.05 0.09074074074074075
7 0.24348958333333334 0.34953703703703703 0.1359375 0.23703703703703705
7 0.725 0.5650462962962963 0.065625 0.22824074074074074
10 0.6033854166666667 0.6886574074074074 0.06510416666666667 0.11342592592592593
2 0.35833333333333334 0.12430555555555556 0.06666666666666667 0.12268518518518519
2 0.3611979166666667 0.5664351851851852 0.0828125 0.14212962962962963
2 0.5627604166666667 0.9219907407407407 0.0859375 0.14212962962962963
