0 0.39453125 0.3675925925925926 0.1109375 0.13148148148148148
0 0.5213541666666667 0.8243055555555555 0.09375 0.18564814814814815
1 0.828125 0.47129629629629627 0.04583333333333333 0.07592592592592592
6 0.5661458333333333 0.22615740740740742 0.09270833333333334 0.2587962962962963
3 0.7677083333333333 0.58125 0.04583333333333333 0.08101851851851852
12 0.32890625 0.8340277777777778 0.07239583333333334 0.11064814814814815
8 0.49557291666666664 0.4965277777777778 0.09947916666666666 0.15231481481481482
9 0.15260416666666668 0.3993055555555556 0.05625 0.08194444444444444
7 0.7122395833333334 0.34444444444444444 0.1109375 0.2388888888888889
7 0.228125 0.5388888888888889 0.10208333333333333 0.25092592592592594
10 0.6380208333333334 0.5527777777777778 0.06354166666666666 0.11851851851851852
2 0.27239583333333334 0.2388888888888889 0.08333333333333333 0.14629629629629629
2 0.39088541666666665 0.6365740740740741 0.0765625 0.12037037037037036
2 0.6640625 0.79375 0.084375 0.14027777777777778
