12 0.3098958333333333 0.20046296296296295 0.0625 0.12222222222222222
11 0.7606770833333333 0.36041666666666666 0.14114583333333333 0.07083333333333333
10 0.74375 0.1412037037037037 0.065625 0.10833333333333334
10 0.4315104166666667 0.7513888888888889 0.06510416666666667 0.10462962962962963
9 0.109375 0.7798611111111111 0.058333333333333334 0.08287037037037037
8 0.47161458333333334 0.49907407407407406 0.08177083333333333 0.1824074074074074
7 0.4703125 0.0775462962962963 0.13229166666666667 0.15138888888888888
7 0.5440104166666667 0.9101851851851852 0.1359375 0.17407407407407408
6 0.6244791666666667 0.6481481481481481 0.13854166666666667 0.17685185185185184
5 0.16979166666666667 0.7030092592592593 0.07604166666666666 0.22916666666666666
2 0.29244791666666664 0.774074074074074 0.08489583333333334 0.14814814814814814
2 0.6307291666666667 0.14699074074074073 0.07708333333333334 0.14027777777777778
2 0.40572916666666664 0.31296296296296294 0.07083333333333333 0.13240740740740742
0 0.2916666666666667 0.5173611111111112 0.09375 0.17175925925925925
0 0.553125 0.34120370370370373 0.06666666666666667 0.1925925925925926
