2 0.5697916666666667 0.3902777777777778 0.08125 0.15092592592592594
2 0.5143229166666666 0.850925925925926 0.0796875 0.1361111111111111
12 0.6736979166666667 0.32175925925925924 0.05572916666666667 0.12222222222222222
6 0.27395833333333336 0.4925925925925926 0.14895833333333333 0.19722222222222222
10 0.3546875 0.1787037037037037 0.06770833333333333 0.11481481481481481
7 0.6596354166666667 0.6409722222222223 0.1421875 0.2023148148148148
7 0.215625 0.2275462962962963 0.10208333333333333 0.25787037037037036
9 0.66875 0.8574074074074074 0.052083333333333336 0.09166666666666666
0 0.5395833333333333 0.13310185185185186 0.11458333333333333 0.06527777777777778
0 0.4666666666666667 0.5983796296296297 0.12083333333333333 0.06527777777777778
8 0.4361979166666667 0.3736111111111111 0.10885416666666667 0.09537037037037037
