2 0.3328125 0.0775462962962963 0.084375 0.15324074074074073
2 0.5690104166666666 0.3247685185185185 0.08072916666666667 0.14583333333333334
2 0.64375 0.7729166666666667 0.08229166666666667 0.12824074074074074
12 0.64375 0.18194444444444444 0.06666666666666667 0.11944444444444445
3 0.19583333333333333 0.22546296296296298 0.04583333333333333 0.07777777777777778
6 0.33489583333333334 0.6560185185185186 0.12708333333333333 0.25
10 0.3182291666666667 0.3037037037037037 0.06354166666666666 0.12129629629629629
7 0.20625 0.4664351851851852 0.08229166666666667 0.2513888888888889
7 0.71328125 0.47430555555555554 0.11510416666666666 0.2513888888888889
9 0.77734375 0.6550925925925926 0.05364583333333333 0.08611111111111111
1 0.11328125 0.3020833333333333 0.04739583333333333 0.08101851851851852
0 0.5346354166666667 0.5888888888888889 0.11927083333333334 0.10185185185185185
0 0.47317708333333336 0.11828703703703704 0.1046875 0.12824074074074074
8 0.44947916666666665 0.4097222222222222 0.11041666666666666 0.13796296296296295
