2 0.5489583333333333 0.4798611111111111 0.06666666666666667 0.12638888888888888
2 0.32473958333333336 0.7275462962962963 0.08697916666666666 0.1476851851851852
12 0.6580729166666667 0.5685185185185185 0.058854166666666666 0.12037037037037036
8 0.46901041666666665 0.30810185185185185 0.0890625 0.1699074074074074
5 0.7333333333333333 0.08587962962962963 0.090625 0.17175925925925925
11 0.17083333333333334 0.531712962962963 0.15416666666666667 0.09398148148148149
6 0.3065104166666667 0.19490740740740742 0.14114583333333333 0.1787037037037037
7 0.5072916666666667 0.7699074074074074 0.14166666666666666 0.14814814814814814
0 0.39765625 0.4965277777777778 0.08177083333333333 0.18564814814814815
0 0.6369791666666667 0.26643518518518516 0.096875 0.14212962962962963
9 0.4265625 0.9363425925925926 0.04375 0.09398148148148149
10 0.48802083333333335 0.07453703703703704 0.06145833333333333 0.1111111111111111
10 0.19505208333333332 0.7738425925925926 0.0796875 0.1125
