12 0.29791666666666666 0.2550925925925926 0.05625 0.11944444444444445
11 0.75546875 0.27847222222222223 0.13802083333333334 0.09861111111111111
10 0.71796875 0.07407407407407407 0.06510416666666667 0.11018518518518519
10 0.47369791666666666 0.7604166666666666 0.0640625 0.11157407407407408
9 0.1578125 0.888425925925926 0.05520833333333333 0.09259259259259259
8 0.48932291666666666 0.49907407407407406 0.09010416666666667 0.1648148148148148
7 0.44375 0.07592592592592592 0.13020833333333334 0.15
7 0.5994791666666667 0.8835648148148149 0.13541666666666666 0.19953703703703704
6 0.65234375 0.6011574074074074 0.1390625 0.1476851851851852
5 0.20989583333333334 0.7951388888888888 0.09375 0.21805555555555556
2 0.6098958333333333 0.11388888888888889 0.07708333333333334 0.14722222222222223
2 0.40598958333333335 0.33958333333333335 0.06302083333333333 0.12453703703703704
2 0.3385416666666667 0.8256944444444444 0.075 0.1412037037037037
0 0.31197916666666664 0.5722222222222222 0.103125 0.14722222222222223
0 0.5528645833333333 0.32337962962962963 0.0828125 0.17453703703703705
