2 0.5765625 0.3592592592592593 0.08125 0.14629629629629629
2 0.6106770833333334 0.8226851851851852 0.0734375 0.1175925925925926
2 0.3653645833333333 0.06759259259259259 0.0828125 0.13148148148148148
12 0.6627604166666666 0.2361111111111111 0.06510416666666667 0.11851851851851852
3 0.22135416666666666 0.16620370370370371 0.04375 0.07592592592592592
6 0.31796875 0.624537037037037 0.14010416666666667 0.23981481481481481
10 0.33229166666666665 0.2740740740740741 0.06666666666666667 0.11944444444444445
7 0.20729166666666668 0.40185185185185185 0.06979166666666667 0.24074074074074073
7 0.7091145833333333 0.5467592592592593 0.12760416666666666 0.23703703703703705
9 0.7552083333333334 0.7444444444444445 0.053125 0.09074074074074075
1 0.13411458333333334 0.21875 0.04635416666666667 0.07824074074074074
0 0.49973958333333335 0.12777777777777777 0.10885416666666667 0.10925925925925926
0 0.5184895833333333 0.6081018518518518 0.1203125 0.07083333333333333
8 0.45078125 0.41458333333333336 0.11302083333333333 0.12268518518518519
