7 0.32109375 0.1886574074074074 0.13802083333333334 0.1699074074074074
2 0.4796875 0.0775462962962963 0.07604166666666666 0.1449074074074074
2 0.37083333333333335 0.4613425925925926 0.07604166666666666 0.1412037037037037
2 0.45807291666666666 0.9333333333333333 0.07239583333333334 0.12314814814814815
0 0.49322916666666666 0.31157407407407406 0.11041666666666666 0.1037037037037037
0 0.36015625 0.7541666666666667 0.12239583333333333 0.06296296296296296
6 0.6611979166666667 0.4625 0.14114583333333333 0.14907407407407408
7 0.6958333333333333 0.7532407407407408 0.11145833333333334 0.2388888888888889
8 0.49713541666666666 0.5192129629629629 0.1078125 0.11064814814814815
10 0.5552083333333333 0.7645833333333333 0.0625 0.11342592592592593
11 0.65546875 0.09560185185185185 0.1109375 0.1875
12 0.24947916666666667 0.4877314814814815 0.046875 0.1125
