0 0.290625 0.5206018518518518 0.09270833333333334 0.16898148148148148
0 0.55234375 0.34652777777777777 0.06614583333333333 0.18935185185185185
2 0.290625 0.7782407407407408 0.08125 0.14907407407407408
2 0.4049479166666667 0.31851851851851853 0.07135416666666666 0.13518518518518519
2 0.6315104166666666 0.15162037037037038 0.07447916666666667 0.13935185185185187
5 0.16927083333333334 0.7067129629629629 0.07604166666666666 0.22916666666666666
6 0.62421875 0.6534722222222222 0.14114583333333333 0.17731481481481481
7 0.4703125 0.0775462962962963 0.13333333333333333 0.1550925925925926
7 0.54296875 0.9101851851851852 0.13697916666666668 0.17407407407407408
8 0.47161458333333334 0.5060185185185185 0.08177083333333333 0.18055555555555555
9 0.10729166666666666 0.7849537037037037 0.058333333333333334 0.08287037037037037
10 0.7447916666666666 0.14467592592592593 0.06666666666666667 0.10787037037037037
10 0.43072916666666666 0.7560185185185185 0.065625 0.10462962962962963
11 0.7609375 0.36527777777777776 0.140625 0.0712962962962963
12 0.3145833333333333 0.2111111111111111 0.06145833333333333 0.12037037037037036
