0 0.45416666666666666 0.3125 0.115625 0.058333333333333334
0 0.4046875 0.8201388888888889 0.12083333333333333 0.08287037037037037
1 0.7809895833333333 0.8543981481481482 0.04635416666666667 0.07824074074074074
6 0.6403645833333333 0.36875 0.13385416666666666 0.1986111111111111
3 0.6916666666666667 0.8780092592592592 0.042708333333333334 0.07824074074074074
12 0.24947916666666667 0.6212962962962963 0.06145833333333333 0.11944444444444445
8 0.496875 0.5166666666666667 0.11145833333333334 0.1037037037037037
9 0.2552083333333333 0.10810185185185185 0.04895833333333333 0.09212962962962963
7 0.265625 0.2861111111111111 0.140625 0.22314814814814815
7 0.721875 0.6256944444444444 0.08020833333333334 0.23287037037037037
10 0.590625 0.7152777777777778 0.06979166666666667 0.10185185185185185
2 0.3984375 0.09467592592592593 0.071875 0.1300925925925926
2 0.36223958333333334 0.5310185185185186 0.08385416666666666 0.15185185185185185
2 0.5328125 0.9233796296296296 0.084375 0.13935185185185187
