0 0.39296875 0.36226851851851855 0.08072916666666667 0.17731481481481481
0 0.6088541666666667 0.6969907407407407 0.05416666666666667 0.21157407407407408
1 0.8088541666666667 0.17314814814814813 0.04583333333333333 0.07592592592592592
6 0.5216145833333333 0.12337962962962963 0.0546875 0.24675925925925926
3 0.778125 0.31342592592592594 0.04375 0.07777777777777778
12 0.4359375 0.8340277777777778 0.06354166666666666 0.08101851851851852
8 0.5122395833333333 0.41064814814814815 0.0703125 0.18518518518518517
9 0.17213541666666668 0.5578703703703703 0.05572916666666667 0.09259259259259259
9 0.8247395833333333 0.85 0.0578125 0.08703703703703704
7 0.2799479166666667 0.6328703703703704 0.07864583333333333 0.25277777777777777
7 0.6786458333333333 0.13333333333333333 0.13333333333333333 0.22870370370370371
5 0.7557291666666667 0.7981481481481482 0.10625 0.2064814814814815
10 0.1921875 0.14675925925925926 0.071875 0.11944444444444445
10 0.6567708333333333 0.3710648148148148 0.06875 0.11064814814814815
2 0.24739583333333334 0.3229166666666667 0.08958333333333333 0.15601851851851853
2 0.45026041666666666 0.611574074074074 0.0703125 0.12129629629629629
2 0.7309895833333333 0.5680555555555555 0.07447916666666667 0.10555555555555556
