2 0.6763020833333333 0.19444444444444445 0.08385416666666666 0.14814814814814814
2 0.5106770833333333 0.580324074074074 0.08072916666666667 0.1439814814814815
2 0.24661458333333333 0.6504629629629629 0.07447916666666667 0.13425925925925927
12 0.5916666666666667 0.7412037037037037 0.06979166666666667 0.12037037037037036
8 0.46979166666666666 0.3590277777777778 0.07708333333333334 0.2023148148148148
5 0.7796875 0.3113425925925926 0.05416666666666667 0.2199074074074074
11 0.15078125 0.35439814814814813 0.1546875 0.11805555555555555
6 0.34739583333333335 0.14953703703703702 0.13125 0.2324074074074074
7 0.40130208333333334 0.8199074074074074 0.1390625 0.22037037037037038
0 0.36692708333333335 0.48518518518518516 0.0453125 0.2064814814814815
0 0.6419270833333334 0.4375 0.06822916666666666 0.1935185185185185
9 0.29322916666666665 0.9194444444444444 0.053125 0.08796296296296297
9 0.83984375 0.27199074074074076 0.05364583333333333 0.08194444444444444
10 0.11875 0.6055555555555555 0.078125 0.12129629629629629
10 0.5458333333333333 0.15462962962962962 0.06354166666666666 0.12129629629629629
