2 0.57109375 0.3923611111111111 0.08072916666666667 0.14675925925925926
2 0.5364583333333334 0.8599537037037037 0.07708333333333334 0.12824074074074074
12 0.6729166666666667 0.31157407407407406 0.06041666666666667 0.12129629629629629
3 0.2591145833333333 0.05787037037037037 0.04010416666666667 0.07222222222222222
6 0.28177083333333336 0.5324074074074074 0.14791666666666667 0.20833333333333334
10 0.34791666666666665 0.20717592592592593 0.06666666666666667 0.1125
7 0.21145833333333333 0.27291666666666664 0.09583333333333334 0.25601851851851853
7 0.6723958333333333 0.632175925925926 0.14270833333333333 0.2162037037037037
9 0.68984375 0.8469907407407408 0.0515625 0.09490740740740741
1 0.1703125 0.07222222222222222 0.04479166666666667 0.075
0 0.5302083333333333 0.13935185185185187 0.11458333333333333 0.07314814814814814
0 0.47890625 0.6131944444444445 0.11927083333333334 0.06527777777777778
8 0.43776041666666665 0.3939814814814815 0.11197916666666667 0.10648148148148148
