2 0.2453125 0.3627314814814815 0.090625 0.1550925925925926
2 0.46145833333333336 0.6189814814814815 0.07708333333333334 0.1287037037037037
2 0.7380208333333333 0.5273148148148148 0.07708333333333334 0.11851851851851852
1 0.79296875 0.12638888888888888 0.044270833333333336 0.07685185185185185
12 0.45989583333333334 0.8405092592592592 0.059375 0.07175925925925926
3 0.7697916666666667 0.2659722222222222 0.042708333333333334 0.0699074074074074
8 0.5127604166666667 0.40532407407407406 0.0671875 0.1865740740740741
5 0.7755208333333333 0.7488425925925926 0.09375 0.21435185185185185
6 0.50546875 0.12476851851851851 0.06614583333333333 0.24768518518518517
7 0.6627604166666666 0.10694444444444444 0.13177083333333334 0.2101851851851852
7 0.2916666666666667 0.6671296296296296 0.08125 0.25462962962962965
0 0.390625 0.3789351851851852 0.071875 0.18564814814814815
0 0.6231770833333333 0.6736111111111112 0.043229166666666666 0.2101851851851852
9 0.18072916666666666 0.6101851851851852 0.053125 0.08703703703703704
9 0.84296875 0.7932870370370371 0.0546875 0.07824074074074074
10 0.17838541666666666 0.1951388888888889 0.0734375 0.11342592592592593
10 0.6526041666666667 0.34467592592592594 0.06666666666666667 0.11064814814814815
