2 0.24296875 0.4273148148148148 0.08489583333333334 0.15185185185185185
2 0.48020833333333335 0.6194444444444445 0.08020833333333334 0.14074074074074075
2 0.74375 0.4576388888888889 0.08333333333333333 0.12916666666666668
1 0.7609375 0.044444444444444446 0.04375 0.07314814814814814
12 0.5 0.8425925925925926 0.0625 0.08796296296296297
3 0.7513020833333334 0.19305555555555556 0.043229166666666666 0.07037037037037037
8 0.51328125 0.3958333333333333 0.05677083333333333 0.1935185185185185
5 0.80078125 0.6648148148148149 0.07760416666666667 0.22037037037037038
11 0.2546875 0.11458333333333333 0.115625 0.21342592592592594
6 0.4791666666666667 0.12476851851851851 0.08541666666666667 0.24583333333333332
7 0.6330729166666667 0.0798611111111111 0.13489583333333333 0.15787037037037038
7 0.31692708333333336 0.7245370370370371 0.1015625 0.25833333333333336
0 0.3875 0.40532407407407406 0.059375 0.20046296296296295
0 0.6403645833333333 0.6298611111111111 0.0359375 0.21712962962962962
9 0.20026041666666666 0.6939814814814815 0.05260416666666667 0.09074074074074075
9 0.8697916666666666 0.6861111111111111 0.05520833333333333 0.08518518518518518
10 0.15989583333333332 0.27847222222222223 0.07604166666666666 0.12268518518518519
10 0.6440104166666667 0.29814814814814816 0.06302083333333333 0.11666666666666667
