0 0.39401041666666664 0.3608796296296296 0.0890625 0.1726851851851852
0 0.5950520833333334 0.7180555555555556 0.058854166666666666 0.20833333333333334
1 0.8171875 0.21805555555555556 0.04479166666666667 0.075
6 0.5296875 0.13287037037037036 0.05416666666666667 0.2574074074074074
3 0.7802083333333333 0.35694444444444445 0.04583333333333333 0.07407407407407407
12 0.41692708333333334 0.8342592592592593 0.06822916666666666 0.08888888888888889
8 0.5111979166666667 0.42291666666666666 0.0765625 0.18472222222222223
9 0.16666666666666666 0.5270833333333333 0.05625 0.08657407407407407
9 0.8059895833333334 0.8976851851851851 0.058854166666666666 0.08981481481481482
7 0.26875 0.6136574074074074 0.06666666666666667 0.24768518518518517
7 0.68984375 0.1673611111111111 0.12760416666666666 0.23194444444444445
5 0.7411458333333333 0.836574074074074 0.11041666666666666 0.1962962962962963
10 0.6557291666666667 0.3974537037037037 0.06770833333333333 0.11342592592592593
10 0.20130208333333333 0.11898148148148148 0.07135416666666666 0.11944444444444445
2 0.2513020833333333 0.3034722222222222 0.09114583333333333 0.1550925925925926
2 0.44140625 0.6138888888888889 0.0703125 0.12037037037037036
2 0.7247395833333333 0.6050925925925926 0.0734375 0.10833333333333334
