0 0.29375 0.5064814814814815 0.08333333333333333 0.18333333333333332
0 0.5591145833333333 0.37175925925925923 0.0609375 0.19444444444444445
2 0.64609375 0.18703703703703703 0.0734375 0.1388888888888889
2 0.4125 0.3247685185185185 0.071875 0.14027777777777778
2 0.2786458333333333 0.7680555555555556 0.0875 0.1537037037037037
5 0.15989583333333332 0.6817129629629629 0.06770833333333333 0.23564814814814813
6 0.6182291666666667 0.6905092592592592 0.13854166666666667 0.19027777777777777
7 0.48880208333333336 0.08842592592592592 0.13177083333333334 0.175
7 0.5255208333333333 0.9270833333333334 0.13541666666666666 0.14027777777777778
8 0.47213541666666664 0.5206018518518518 0.0796875 0.18472222222222223
9 0.09609375 0.7532407407407408 0.0578125 0.08055555555555556
10 0.7614583333333333 0.19305555555555556 0.06770833333333333 0.10925925925925926
10 0.4192708333333333 0.7671296296296296 0.06458333333333334 0.10277777777777777
11 0.7674479166666667 0.42592592592592593 0.14322916666666666 0.07222222222222222
12 0.328125 0.2074074074074074 0.06145833333333333 0.11851851851851852
