0 0.3932291666666667 0.37175925925925923 0.11145833333333334 0.12314814814814815
0 0.5135416666666667 0.8425925925925926 0.09270833333333334 0.18888888888888888
1 0.8255208333333334 0.49722222222222223 0.046875 0.07407407407407407
6 0.5666666666666667 0.24027777777777778 0.09479166666666666 0.2537037037037037
3 0.7638020833333333 0.6060185185185185 0.0453125 0.075
12 0.32057291666666665 0.8351851851851851 0.0765625 0.12037037037037036
8 0.49244791666666665 0.5092592592592593 0.09947916666666666 0.15
9 0.15130208333333334 0.394212962962963 0.05572916666666667 0.0837962962962963
7 0.22265625 0.5365740740740741 0.10364583333333334 0.2574074074074074
7 0.71171875 0.36435185185185187 0.10677083333333333 0.23703703703703705
10 0.634375 0.5671296296296297 0.06145833333333333 0.11388888888888889
2 0.27239583333333334 0.23796296296296296 0.08020833333333334 0.15
2 0.3848958333333333 0.6423611111111112 0.08020833333333334 0.12731481481481483
2 0.6567708333333333 0.8125 0.08125 0.14814814814814814
