2 0.5669270833333333 0.4337962962962963 0.059895833333333336 0.11944444444444445
2 0.36875 0.743287037037037 0.0875 0.15601851851851853
12 0.678125 0.48726851851851855 0.051041666666666666 0.11527777777777778
11 0.19557291666666668 0.5986111111111111 0.15364583333333334 0.13703703703703704
6 0.2955729166666667 0.22523148148148148 0.1421875 0.1439814814814815
10 0.24583333333333332 0.83125 0.07291666666666667 0.12453703703703704
10 0.46536458333333336 0.05578703703703704 0.059895833333333336 0.11157407407407408
7 0.55390625 0.7314814814814815 0.13802083333333334 0.11018518518518519
9 0.49166666666666664 0.9175925925925926 0.04791666666666667 0.09351851851851851
0 0.4166666666666667 0.49560185185185185 0.09479166666666666 0.1597222222222222
0 0.6309895833333333 0.20046296296296295 0.10677083333333333 0.12407407407407407
8 0.46848958333333335 0.29305555555555557 0.09947916666666666 0.15
