2 0.2994791666666667 0.1451388888888889 0.08333333333333333 0.1439814814814815
2 0.5645833333333333 0.2972222222222222 0.07291666666666667 0.13055555555555556
2 0.6971354166666667 0.7043981481481482 0.0890625 0.14305555555555555
12 0.6177083333333333 0.1326388888888889 0.06770833333333333 0.11342592592592593
3 0.18307291666666667 0.3474537037037037 0.044270833333333336 0.08287037037037037
6 0.38177083333333334 0.7178240740740741 0.10208333333333333 0.2625
10 0.31614583333333335 0.3763888888888889 0.06354166666666666 0.11944444444444445
10 0.7203125 0.9337962962962963 0.071875 0.12407407407407407
7 0.22760416666666666 0.5831018518518518 0.109375 0.25972222222222224
7 0.7252604166666666 0.38101851851851853 0.09114583333333333 0.2564814814814815
9 0.8109375 0.5354166666666667 0.057291666666666664 0.08194444444444444
1 0.10989583333333333 0.45555555555555555 0.05 0.07592592592592592
0 0.5669270833333333 0.5675925925925925 0.1109375 0.14444444444444443
0 0.4395833333333333 0.12337962962962963 0.08958333333333333 0.17731481481481481
8 0.4627604166666667 0.4233796296296296 0.10364583333333334 0.1597222222222222
