2 0.23932291666666666 0.4981481481481482 0.0828125 0.13703703703703704
2 0.49375 0.60625 0.084375 0.1439814814814815
2 0.7333333333333333 0.3594907407407407 0.08645833333333333 0.14212962962962963
12 0.5377604166666666 0.8162037037037037 0.0671875 0.10462962962962963
3 0.71015625 0.1011574074074074 0.04114583333333333 0.0763888888888889
8 0.503125 0.3726851851851852 0.05520833333333333 0.1962962962962963
5 0.8080729166666667 0.5393518518518519 0.05677083333333333 0.22407407407407406
11 0.21536458333333333 0.18078703703703702 0.1296875 0.18935185185185185
6 0.4361979166666667 0.12175925925925926 0.1015625 0.23796296296296296
7 0.3419270833333333 0.7620370370370371 0.1171875 0.2564814814814815
0 0.37890625 0.42824074074074076 0.04114583333333333 0.20925925925925926
0 0.6513020833333333 0.5625 0.03802083333333333 0.20925925925925926
9 0.22421875 0.7754629629629629 0.05572916666666667 0.08796296296296297
9 0.87578125 0.5400462962962963 0.05364583333333333 0.08657407407407407
10 0.13515625 0.3789351851851852 0.07135416666666666 0.12638888888888888
10 0.61796875 0.23796296296296296 0.058854166666666666 0.12037037037037036
