0 0.33489583333333334 0.6597222222222222 0.11770833333333333 0.1037037037037037
0 0.5372395833333333 0.31157407407407406 0.09635416666666667 0.14722222222222223
2 0.5643229166666667 0.08009259259259259 0.07864583333333333 0.14629629629629629
2 0.39479166666666665 0.38796296296296295 0.06354166666666666 0.12407407407407407
2 0.39453125 0.892824074074074 0.0640625 0.12731481481481483
5 0.2635416666666667 0.9076388888888889 0.11354166666666667 0.1763888888888889
6 0.6705729166666666 0.5435185185185185 0.1359375 0.10185185185185185
7 0.3953125 0.1076388888888889 0.12604166666666666 0.1162037037037037
7 0.65703125 0.8405092592592592 0.1296875 0.22824074074074074
8 0.5018229166666667 0.5053240740740741 0.10260416666666666 0.13842592592592592
10 0.5192708333333333 0.7736111111111111 0.059375 0.1175925925925926
11 0.7286458333333333 0.1849537037037037 0.13020833333333334 0.1412037037037037
12 0.2760416666666667 0.34699074074074077 0.04895833333333333 0.11527777777777778
