2 0.5658854166666667 0.3824074074074074 0.07864583333333333 0.14722222222222223
2 0.48854166666666665 0.830787037037037 0.08229166666666667 0.14305555555555555
12 0.6729166666666667 0.3287037037037037 0.05416666666666667 0.11666666666666667
11 0.28828125 0.8692129629629629 0.1234375 0.2439814814814815
6 0.26614583333333336 0.44375 0.15104166666666666 0.18287037037037038
10 0.3609375 0.14212962962962963 0.065625 0.11481481481481481
7 0.6442708333333333 0.6456018518518518 0.14583333333333334 0.19305555555555556
7 0.22109375 0.17407407407407408 0.10677083333333333 0.25555555555555554
9 0.6427083333333333 0.8622685185185185 0.052083333333333336 0.09212962962962963
0 0.5471354166666667 0.12824074074074074 0.1140625 0.0712962962962963
0 0.4546875 0.5729166666666666 0.11875 0.08009259259259259
8 0.4328125 0.3509259259259259 0.11041666666666666 0.1
