2 0.7432291666666667 0.45185185185185184 0.0875 0.14907407407407408
2 0.5192708333333333 0.22314814814814815 0.07604166666666666 0.13796296296296295
2 0.24036458333333333 0.32199074074074074 0.07864583333333333 0.12824074074074074
5 0.209375 0.11851851851851852 0.096875 0.20555555555555555
1 0.16302083333333334 0.7710648148148148 0.04895833333333333 0.07916666666666666
3 0.19583333333333333 0.6060185185185185 0.04583333333333333 0.075
12 0.5145833333333333 0.031018518518518518 0.057291666666666664 0.06018518518518518
11 0.7247395833333333 0.7956018518518518 0.1203125 0.2449074074074074
0 0.36614583333333334 0.18194444444444444 0.046875 0.2101851851851852
0 0.5966145833333333 0.4530092592592593 0.06614583333333333 0.20324074074074075
6 0.4875 0.7423611111111111 0.075 0.26064814814814813
8 0.47161458333333334 0.4263888888888889 0.06614583333333333 0.19722222222222222
9 0.14453125 0.08333333333333333 0.05364583333333333 0.09166666666666666
9 0.7856770833333333 0.22013888888888888 0.049479166666666664 0.09305555555555556
10 0.32578125 0.5094907407407407 0.0703125 0.1125
10 0.82578125 0.6277777777777778 0.0765625 0.10833333333333334
7 0.6796875 0.1638888888888889 0.09166666666666666 0.2564814814814815
7 0.30885416666666665 0.767824074074074 0.14583333333333334 0.21712962962962962
