2 0.4075520833333333 0.7594907407407407 0.0890625 0.1550925925925926
2 0.5752604166666667 0.39814814814814814 0.0671875 0.13518518518518519
12 0.6872395833333333 0.42060185185185184 0.044270833333333336 0.1125
11 0.22213541666666667 0.6638888888888889 0.14947916666666666 0.17037037037037037
6 0.28958333333333336 0.2655092592592593 0.13854166666666667 0.1125
10 0.4395833333333333 0.05625 0.057291666666666664 0.1087962962962963
10 0.29348958333333336 0.8800925925925925 0.0703125 0.13333333333333333
7 0.5916666666666667 0.6921296296296297 0.140625 0.11666666666666667
9 0.5434895833333333 0.8967592592592593 0.0515625 0.08796296296296297
0 0.6158854166666666 0.15300925925925926 0.11302083333333333 0.09675925925925925
8 0.46432291666666664 0.28912037037037036 0.10364583333333334 0.1300925925925926
