7 0.6208333333333333 0.10717592592592592 0.11458333333333333 0.21435185185185185
7 0.3736979166666667 0.8706018518518519 0.15052083333333333 0.1699074074074074
12 0.43697916666666664 0.04236111111111111 0.06458333333333334 0.08287037037037037
0 0.3184895833333333 0.27152777777777776 0.034895833333333334 0.21712962962962962
0 0.5942708333333333 0.40578703703703706 0.0375 0.21342592592592594
11 0.7703125 0.6666666666666666 0.14375 0.19444444444444445
5 0.15416666666666667 0.28958333333333336 0.07083333333333333 0.23194444444444445
8 0.46901041666666665 0.4546296296296296 0.05677083333333333 0.20462962962962963
1 0.23177083333333334 0.9534722222222223 0.04791666666666667 0.08287037037037037
2 0.7291666666666666 0.3277777777777778 0.07708333333333334 0.13796296296296295
2 0.4765625 0.22407407407407406 0.08125 0.14814814814814814
2 0.22447916666666667 0.47337962962962965 0.090625 0.15324074074074073
6 0.5416666666666666 0.74375 0.11145833333333334 0.25787037037037036
3 0.23307291666666666 0.7789351851851852 0.0484375 0.08101851851851852
9 0.0828125 0.29074074074074074 0.05416666666666667 0.09166666666666666
9 0.72734375 0.08425925925925926 0.050520833333333334 0.08796296296296297
10 0.83515625 0.44814814814814813 0.06927083333333334 0.11851851851851852
10 0.34270833333333334 0.6092592592592593 0.06458333333333334 0.12037037037037036
