2 0.71796875 0.42986111111111114 0.07552083333333333 0.12731481481481483
2 0.4734375 0.33819444444444446 0.078125 0.1412037037037037
2 0.23098958333333333 0.5983796296296297 0.08802083333333334 0.14212962962962963
12 0.43776041666666665 0.17337962962962963 0.06614583333333333 0.09583333333333334
3 0.24635416666666668 0.8893518518518518 0.04479166666666667 0.07685185185185185
8 0.4700520833333333 0.5675925925925925 0.05572916666666667 0.1935185185185185
5 0.15625 0.4136574074074074 0.06666666666666667 0.2310185185185185
11 0.7567708333333333 0.7585648148148149 0.13645833333333332 0.18472222222222223
6 0.540625 0.850462962962963 0.10833333333333334 0.2537037037037037
7 0.6111979166666667 0.19444444444444445 0.1140625 0.25092592592592594
0 0.3184895833333333 0.39189814814814816 0.034895833333333334 0.21712962962962962
0 0.5875 0.5148148148148148 0.036458333333333336 0.20277777777777778
9 0.08411458333333334 0.41712962962962963 0.0546875 0.08611111111111111
9 0.7171875 0.18518518518518517 0.05 0.08796296296296297
10 0.34921875 0.7226851851851852 0.06302083333333333 0.12037037037037036
10 0.8205729166666667 0.5465277777777777 0.06822916666666666 0.11342592592592593
