2 0.56875 0.3731481481481482 0.07604166666666666 0.14814814814814814
2 0.45807291666666666 0.7976851851851852 0.08489583333333334 0.14814814814814814
12 0.6796875 0.3460648148148148 0.04895833333333333 0.11527777777777778
11 0.2604166666666667 0.7886574074074074 0.13645833333333332 0.21898148148148147
6 0.26927083333333335 0.36712962962962964 0.146875 0.16203703703703703
10 0.38697916666666665 0.09421296296296296 0.0625 0.12175925925925926
7 0.6265625 0.65 0.146875 0.16666666666666666
7 0.24661458333333333 0.11041666666666666 0.11510416666666666 0.2152777777777778
9 0.6096354166666667 0.8666666666666667 0.0515625 0.08518518518518518
0 0.5713541666666667 0.12291666666666666 0.115625 0.06620370370370371
0 0.44453125 0.5349537037037037 0.11614583333333334 0.09861111111111111
8 0.44166666666666665 0.3127314814814815 0.10833333333333334 0.1125
