2 0.6255208333333333 0.07337962962962963 0.07395833333333333 0.14305555555555555
2 0.5325520833333334 0.512962962962963 0.07135416666666666 0.13703703703703704
2 0.29453125 0.7138888888888889 0.0828125 0.15
12 0.6338541666666667 0.6224537037037037 0.0625 0.12175925925925926
8 0.46484375 0.32430555555555557 0.0828125 0.18101851851851852
5 0.7424479166666667 0.1300925925925926 0.07864583333333333 0.20925925925925926
11 0.15546875 0.48726851851851855 0.15677083333333333 0.07824074074074074
6 0.3078125 0.18472222222222223 0.14166666666666666 0.19166666666666668
7 0.47239583333333335 0.7951388888888888 0.14479166666666668 0.16712962962962963
0 0.38046875 0.4965277777777778 0.07135416666666666 0.18935185185185185
0 0.6338541666666667 0.3138888888888889 0.09166666666666666 0.15833333333333333
9 0.38307291666666665 0.9402777777777778 0.04739583333333333 0.09537037037037037
9 0.7916666666666666 0.06365740740740741 0.04895833333333333 0.0837962962962963
10 0.16458333333333333 0.7349537037037037 0.078125 0.11157407407407408
10 0.4981770833333333 0.09375 0.06302083333333333 0.1087962962962963
