0 0.32526041666666666 0.3696759259259259 0.0359375 0.2125
0 0.5854166666666667 0.5203703703703704 0.041666666666666664 0.2074074074074074
6 0.5286458333333334 0.850925925925926 0.10520833333333333 0.25833333333333336
3 0.23489583333333333 0.8592592592592593 0.04583333333333333 0.07407407407407407
12 0.44973958333333336 0.1761574074074074 0.06302083333333333 0.09768518518518518
8 0.4669270833333333 0.5643518518518519 0.05260416666666667 0.19444444444444445
11 0.7481770833333333 0.7847222222222222 0.13177083333333334 0.1935185185185185
5 0.1640625 0.37800925925925927 0.07083333333333333 0.2310185185185185
9 0.09192708333333334 0.37546296296296294 0.05677083333333333 0.09166666666666666
9 0.7265625 0.20879629629629629 0.052083333333333336 0.08981481481481482
7 0.3684895833333333 0.9356481481481481 0.1453125 0.12037037037037036
7 0.6203125 0.20532407407407408 0.11041666666666666 0.2449074074074074
10 0.34140625 0.7064814814814815 0.06614583333333333 0.1175925925925926
10 0.8177083333333334 0.5793981481481482 0.06770833333333333 0.1125
2 0.4783854166666667 0.33425925925925926 0.0796875 0.14907407407407408
2 0.7192708333333333 0.4576388888888889 0.07708333333333334 0.1310185185185185
2 0.22942708333333334 0.569212962962963 0.08697916666666666 0.1449074074074074
