12 0.4752604166666667 0.1451388888888889 0.058854166666666666 0.08287037037037037
11 0.72109375 0.8414351851851852 0.1203125 0.2162037037037037
10 0.8067708333333333 0.6599537037037037 0.06979166666666667 0.10601851851851851
10 0.32526041666666666 0.6530092592592592 0.06614583333333333 0.11342592592592593
9 0.11328125 0.2650462962962963 0.05260416666666667 0.09027777777777778
9 0.7471354166666667 0.26851851851851855 0.049479166666666664 0.08333333333333333
8 0.46067708333333335 0.5458333333333333 0.058854166666666666 0.19166666666666668
7 0.6427083333333333 0.23842592592592593 0.09583333333333334 0.24351851851851852
7 0.33177083333333335 0.9027777777777778 0.14270833333333333 0.18888888888888888
6 0.49661458333333336 0.8476851851851852 0.08385416666666666 0.2537037037037037
5 0.18072916666666666 0.28680555555555554 0.08541666666666667 0.2162037037037037
3 0.209375 0.7736111111111111 0.04375 0.07407407407407407
2 0.7197916666666667 0.5074074074074074 0.08125 0.1425925925925926
2 0.49140625 0.3296296296296296 0.07760416666666667 0.13425925925925927
2 0.22942708333333334 0.48819444444444443 0.08177083333333333 0.12916666666666668
1 0.19244791666666666 0.9363425925925926 0.04635416666666667 0.08009259259259259
0 0.3421875 0.32222222222222224 0.035416666666666666 0.20833333333333334
0 0.58125 0.5395833333333333 0.053125 0.20046296296296295
