2 0.45234375 0.08101851851851852 0.0734375 0.13796296296296295
2 0.3684895833333333 0.4861111111111111 0.0796875 0.14722222222222223
2 0.48671875 0.9333333333333333 0.07760416666666667 0.125
1 0.7416666666666667 0.9548611111111112 0.046875 0.08194444444444444
3 0.65078125 0.9472222222222222 0.0421875 0.07777777777777778
0 0.48072916666666665 0.3113425925925926 0.11458333333333333 0.08564814814814815
6 0.6572916666666667 0.430787037037037 0.140625 0.17083333333333334
7 0.30078125 0.22013888888888888 0.14114583333333333 0.1912037037037037
7 0.7096354166666666 0.7106481481481481 0.10260416666666666 0.23703703703703705
8 0.5 0.5192129629629629 0.10729166666666666 0.09490740740740741
9 0.31223958333333335 0.04583333333333333 0.0484375 0.08981481481481482
10 0.5713541666666667 0.7506944444444444 0.065625 0.11157407407407408
12 0.25026041666666665 0.5361111111111111 0.050520833333333334 0.11851851851851852
0 0.3768229166666667 0.7854166666666667 0.12135416666666667 0.06435185185185185
