2 0.5700520833333333 0.4270833333333333 0.0609375 0.12546296296296297
2 0.37578125 0.7497685185185186 0.08802083333333334 0.1550925925925926
12 0.6825520833333333 0.4759259259259259 0.05260416666666667 0.11666666666666667
11 0.20104166666666667 0.6129629629629629 0.15416666666666667 0.13796296296296295
6 0.2950520833333333 0.2300925925925926 0.1421875 0.13425925925925927
10 0.46119791666666665 0.05625 0.059895833333333336 0.1087962962962963
10 0.2559895833333333 0.8405092592592592 0.07552083333333333 0.12731481481481483
7 0.5630208333333333 0.7245370370370371 0.13645833333333332 0.10092592592592593
9 0.5015625 0.9159722222222222 0.04895833333333333 0.09490740740740741
0 0.42109375 0.4960648148148148 0.09635416666666667 0.15694444444444444
0 0.6286458333333333 0.18958333333333333 0.10833333333333334 0.1162037037037037
8 0.46927083333333336 0.2912037037037037 0.1 0.14629629629629629
