0 0.459375 0.3074074074074074 0.11458333333333333 0.062037037037037036
0 0.40078125 0.8134259259259259 0.1203125 0.07685185185185185
1 0.77734375 0.8712962962962963 0.049479166666666664 0.07592592592592592
6 0.6447916666666667 0.3770833333333333 0.1375 0.19305555555555556
3 0.6872395833333333 0.8895833333333333 0.044270833333333336 0.08101851851851852
12 0.25 0.6055555555555555 0.06145833333333333 0.11944444444444445
8 0.4984375 0.5143518518518518 0.11041666666666666 0.10277777777777777
9 0.2643229166666667 0.09537037037037037 0.0484375 0.08796296296296297
7 0.2721354166666667 0.26944444444444443 0.1421875 0.22314814814814815
7 0.72109375 0.6324074074074074 0.08489583333333334 0.2361111111111111
10 0.5890625 0.7185185185185186 0.06770833333333333 0.10648148148148148
2 0.4075520833333333 0.08680555555555555 0.07239583333333334 0.1300925925925926
2 0.36354166666666665 0.5201388888888889 0.08541666666666667 0.14212962962962963
2 0.5268229166666667 0.9298611111111111 0.0796875 0.13194444444444445
