2 0.3302083333333333 0.08148148148148149 0.08229166666666667 0.15092592592592594
2 0.5721354166666667 0.3159722222222222 0.07864583333333333 0.14583333333333334
2 0.653125 0.7636574074074074 0.084375 0.1310185185185185
12 0.6463541666666667 0.16435185185185186 0.06770833333333333 0.12314814814814815
3 0.1953125 0.23541666666666666 0.04583333333333333 0.0763888888888889
6 0.3424479166666667 0.6625 0.1234375 0.25092592592592594
10 0.31927083333333334 0.30949074074074073 0.06458333333333334 0.12175925925925926
7 0.21015625 0.475462962962963 0.0859375 0.2537037037037037
7 0.7197916666666667 0.45949074074074076 0.11145833333333334 0.24953703703703703
9 0.7846354166666667 0.6381944444444444 0.05572916666666667 0.0837962962962963
1 0.1125 0.3143518518518518 0.04583333333333333 0.07962962962962963
0 0.46979166666666666 0.10810185185185185 0.103125 0.1449074074074074
0 0.53984375 0.5849537037037037 0.1171875 0.10972222222222222
8 0.45364583333333336 0.4076388888888889 0.11145833333333334 0.14027777777777778
