2 0.31588541666666664 0.11805555555555555 0.08385416666666666 0.14907407407407408
2 0.5703125 0.31203703703703706 0.075 0.1361111111111111
2 0.67734375 0.7423611111111111 0.08802083333333334 0.13657407407407407
12 0.62890625 0.16342592592592592 0.06822916666666666 0.11574074074074074
3 0.19010416666666666 0.2972222222222222 0.04479166666666667 0.075
6 0.3625 0.6979166666666666 0.11458333333333333 0.2587962962962963
10 0.3190104166666667 0.3486111111111111 0.06302083333333333 0.11851851851851852
7 0.21927083333333333 0.5375 0.09583333333333334 0.2574074074074074
7 0.7239583333333334 0.42777777777777776 0.10416666666666667 0.2537037037037037
9 0.80078125 0.5923611111111111 0.05677083333333333 0.07916666666666666
1 0.11354166666666667 0.3909722222222222 0.046875 0.07731481481481481
0 0.55546875 0.5824074074074074 0.11614583333333334 0.1287037037037037
0 0.45755208333333336 0.12106481481481482 0.0984375 0.15694444444444444
8 0.45859375 0.4203703703703704 0.10572916666666667 0.14814814814814814
