12 0.6611979166666667 0.5541666666666667 0.0578125 0.1175925925925926
8 0.46848958333333335 0.3055555555555556 0.09114583333333333 0.16666666666666666
2 0.55234375 0.4724537037037037 0.0640625 0.12361111111111112
2 0.33177083333333335 0.7300925925925926 0.08541666666666667 0.14907407407407408
11 0.175 0.5435185185185185 0.15625 0.10185185185185185
6 0.30390625 0.1988425925925926 0.14322916666666666 0.17083333333333334
10 0.48463541666666665 0.07106481481481482 0.0609375 0.12083333333333333
10 0.20416666666666666 0.7821759259259259 0.075 0.11342592592592593
7 0.5143229166666666 0.7631944444444444 0.14427083333333332 0.14212962962962963
9 0.43776041666666665 0.9319444444444445 0.0453125 0.09444444444444444
0 0.4002604166666667 0.4935185185185185 0.0828125 0.17962962962962964
0 0.6364583333333333 0.25578703703703703 0.09895833333333333 0.1439814814814815
