2 0.7125 0.2916666666666667 0.08645833333333333 0.14907407407407408
2 0.49973958333333335 0.594212962962963 0.08177083333333333 0.1439814814814815
2 0.23463541666666668 0.5548611111111111 0.07447916666666667 0.1300925925925926
12 0.5583333333333333 0.7902777777777777 0.071875 0.10740740740740741
3 0.6692708333333334 0.04259259259259259 0.03958333333333333 0.07314814814814814
8 0.4890625 0.36180555555555555 0.0625 0.19675925925925927
5 0.8002604166666667 0.44814814814814813 0.04114583333333333 0.2212962962962963
11 0.18541666666666667 0.2377314814814815 0.140625 0.15787037037037038
6 0.4002604166666667 0.12291666666666666 0.11302083333333333 0.2439814814814815
7 0.3609375 0.7877314814814815 0.12916666666666668 0.24861111111111112
0 0.3697916666666667 0.4446759259259259 0.036458333333333336 0.20601851851851852
0 0.6489583333333333 0.513425925925926 0.046875 0.20555555555555555
9 0.24453125 0.8321759259259259 0.05572916666666667 0.08287037037037037
9 0.8658854166666666 0.430787037037037 0.05364583333333333 0.0837962962962963
10 0.12161458333333333 0.46111111111111114 0.06927083333333334 0.1361111111111111
10 0.590625 0.20092592592592592 0.06041666666666667 0.125
