2 0.32890625 0.07847222222222222 0.08489583333333334 0.15324074074074073
2 0.5705729166666667 0.3145833333333333 0.07864583333333333 0.1412037037037037
2 0.6518229166666667 0.7601851851851852 0.08177083333333333 0.13055555555555556
12 0.6434895833333333 0.16435185185185186 0.0671875 0.12129629629629629
3 0.19427083333333334 0.23310185185185187 0.04479166666666667 0.08101851851851852
6 0.34036458333333336 0.6583333333333333 0.12447916666666667 0.2564814814814815
10 0.3184895833333333 0.3055555555555556 0.06614583333333333 0.12314814814814815
7 0.20885416666666667 0.4724537037037037 0.08541666666666667 0.25787037037037036
7 0.71796875 0.4585648148148148 0.11197916666666667 0.24953703703703703
9 0.7838541666666666 0.6351851851851852 0.05416666666666667 0.08611111111111111
1 0.11302083333333333 0.31296296296296294 0.04791666666666667 0.0787037037037037
0 0.5395833333333333 0.5824074074074074 0.11979166666666667 0.10833333333333334
0 0.46927083333333336 0.10625 0.10208333333333333 0.14305555555555555
8 0.45234375 0.40625 0.1109375 0.13935185185185187
