2 0.7010416666666667 0.38935185185185184 0.06979166666666667 0.12314814814814815
2 0.453125 0.34050925925925923 0.07916666666666666 0.14212962962962963
2 0.22473958333333333 0.6412037037037037 0.0921875 0.14537037037037037
12 0.40572916666666664 0.17453703703703705 0.06666666666666667 0.10462962962962963
5 0.14036458333333332 0.47152777777777777 0.0546875 0.2300925925925926
3 0.25729166666666664 0.930787037037037 0.04583333333333333 0.07916666666666666
11 0.7583333333333333 0.7083333333333334 0.13958333333333334 0.1648148148148148
6 0.55 0.8347222222222223 0.11666666666666667 0.2518518518518518
10 0.35104166666666664 0.7453703703703703 0.06041666666666667 0.12037037037037036
10 0.8080729166666667 0.48564814814814816 0.0671875 0.11666666666666667
7 0.5830729166666667 0.1712962962962963 0.12135416666666667 0.23981481481481481
9 0.6856770833333333 0.1474537037037037 0.0515625 0.08194444444444444
9 0.06901041666666667 0.4898148148148148 0.0546875 0.09074074074074075
0 0.5760416666666667 0.4951388888888889 0.034375 0.20601851851851852
0 0.3020833333333333 0.41712962962962963 0.042708333333333334 0.2101851851851852
8 0.46145833333333336 0.5719907407407407 0.06145833333333333 0.1986111111111111
