2 0.62890625 0.06712962962962964 0.0765625 0.13425925925925927
2 0.540625 0.5074074074074074 0.07083333333333333 0.13425925925925927
2 0.30234375 0.7162037037037037 0.08385416666666666 0.14537037037037037
12 0.64296875 0.6138888888888889 0.06302083333333333 0.12222222222222222
8 0.46875 0.32384259259259257 0.08333333333333333 0.17546296296296296
5 0.7442708333333333 0.12569444444444444 0.08333333333333333 0.2162037037037037
11 0.1609375 0.4946759259259259 0.15520833333333334 0.07916666666666666
6 0.31197916666666664 0.18611111111111112 0.14166666666666666 0.19074074074074074
7 0.48098958333333336 0.7921296296296296 0.14427083333333332 0.1685185185185185
0 0.38671875 0.4965277777777778 0.0734375 0.1837962962962963
0 0.63828125 0.30949074074074073 0.0921875 0.15694444444444444
9 0.39166666666666666 0.9423611111111111 0.046875 0.09768518518518518
9 0.7932291666666667 0.05625 0.052083333333333336 0.08287037037037037
10 0.1734375 0.7421296296296296 0.08020833333333334 0.10462962962962963
10 0.49973958333333335 0.09375 0.06614583333333333 0.11064814814814815
