0 0.29192708333333334 0.5173611111111112 0.09010416666666667 0.1736111111111111
0 0.5528645833333333 0.34652777777777777 0.06614583333333333 0.18935185185185185
2 0.6317708333333333 0.15046296296296297 0.075 0.1388888888888889
2 0.4049479166666667 0.3162037037037037 0.06927083333333334 0.13518518518518519
2 0.28958333333333336 0.7763888888888889 0.08333333333333333 0.14907407407407408
5 0.16744791666666667 0.7078703703703704 0.07552083333333333 0.22870370370370371
6 0.6236979166666666 0.6560185185185186 0.14114583333333333 0.1787037037037037
7 0.4708333333333333 0.08263888888888889 0.13125 0.15694444444444444
7 0.54296875 0.9125 0.13489583333333333 0.16666666666666666
8 0.4713541666666667 0.5055555555555555 0.08125 0.17962962962962964
9 0.10703125 0.7849537037037037 0.0578125 0.08287037037037037
10 0.4296875 0.7569444444444444 0.06458333333333334 0.10462962962962963
10 0.74609375 0.14606481481481481 0.0671875 0.10694444444444444
11 0.7625 0.36712962962962964 0.140625 0.0712962962962963
12 0.315625 0.21226851851851852 0.06145833333333333 0.11805555555555555
