12 0.29375 0.27870370370370373 0.05520833333333333 0.1175925925925926
7 0.43255208333333334 0.08148148148148149 0.1296875 0.14722222222222223
6 0.6609375 0.5851851851851851 0.13958333333333334 0.13425925925925927
0 0.32057291666666665 0.5981481481481481 0.10885416666666667 0.1361111111111111
0 0.5510416666666667 0.3173611111111111 0.084375 0.16712962962962963
2 0.35598958333333336 0.8460648148148148 0.07447916666666667 0.13842592592592592
2 0.4049479166666667 0.35138888888888886 0.0578125 0.12037037037037036
2 0.6 0.10231481481481482 0.078125 0.14722222222222223
5 0.22578125 0.8298611111111112 0.0984375 0.2162037037037037
7 0.61875 0.8736111111111111 0.13541666666666666 0.2074074074074074
8 0.4953125 0.5009259259259259 0.09479166666666666 0.15925925925925927
9 0.17604166666666668 0.9324074074074075 0.05520833333333333 0.09351851851851851
10 0.48828125 0.7650462962962963 0.06197916666666667 0.11064814814814815
10 0.7065104166666667 0.05462962962962963 0.06302083333333333 0.1037037037037037
11 0.7518229166666667 0.2511574074074074 0.1359375 0.11157407407407408
