2 0.3302083333333333 0.09722222222222222 0.08541666666666667 0.1527777777777778
2 0.5736979166666667 0.32430555555555557 0.07864583333333333 0.14305555555555555
2 0.6598958333333333 0.7689814814814815 0.08333333333333333 0.13425925925925927
12 0.6401041666666667 0.18217592592592594 0.06770833333333333 0.12175925925925926
3 0.19713541666666667 0.2571759259259259 0.044270833333333336 0.07824074074074074
6 0.34739583333333335 0.6782407407407407 0.12083333333333333 0.25833333333333336
10 0.32083333333333336 0.3247685185185185 0.065625 0.12083333333333333
7 0.21432291666666667 0.4960648148148148 0.08802083333333334 0.25601851851851853
7 0.7229166666666667 0.46296296296296297 0.109375 0.25092592592592594
9 0.7901041666666667 0.6386574074074074 0.05625 0.08657407407407407
1 0.115625 0.33958333333333335 0.046875 0.07916666666666666
0 0.47213541666666664 0.12731481481481483 0.10572916666666667 0.13796296296296295
0 0.5455729166666666 0.5923611111111111 0.11927083333333334 0.11064814814814815
8 0.45625 0.42060185185185184 0.10833333333333334 0.14212962962962963
