2 0.2390625 0.49050925925925926 0.08229166666666667 0.14027777777777778
2 0.49375 0.607175925925926 0.084375 0.14583333333333334
2 0.73515625 0.3701388888888889 0.08697916666666666 0.1439814814814815
12 0.5341145833333333 0.8185185185185185 0.0671875 0.10277777777777777
3 0.7177083333333333 0.11388888888888889 0.04375 0.07592592592592592
8 0.5049479166666667 0.375 0.05260416666666667 0.19537037037037036
5 0.8067708333333333 0.5583333333333333 0.059375 0.22037037037037038
11 0.22161458333333334 0.16782407407407407 0.1265625 0.19305555555555556
6 0.4432291666666667 0.11898148148148148 0.09895833333333333 0.23796296296296296
7 0.33984375 0.7555555555555555 0.11197916666666667 0.25555555555555554
0 0.38203125 0.42407407407407405 0.043229166666666666 0.20833333333333334
0 0.6484375 0.5745370370370371 0.03854166666666667 0.2074074074074074
9 0.22239583333333332 0.7666666666666667 0.05520833333333333 0.08981481481481482
9 0.8776041666666666 0.5606481481481481 0.051041666666666666 0.09074074074074075
10 0.13984375 0.36365740740740743 0.0734375 0.12546296296296297
10 0.6229166666666667 0.24675925925925926 0.0625 0.11851851851851852
