6 0.55703125 0.7453703703703703 0.12239583333333333 0.25833333333333336
12 0.4088541666666667 0.05787037037037037 0.065625 0.10740740740740741
11 0.7770833333333333 0.6256944444444444 0.14583333333333334 0.17175925925925925
10 0.8294270833333334 0.39675925925925926 0.06927083333333334 0.12037037037037036
10 0.34869791666666666 0.6474537037037037 0.06302083333333333 0.12453703703703704
9 0.06796875 0.3766203703703704 0.05572916666666667 0.09398148148148149
9 0.7013020833333333 0.05439814814814815 0.050520833333333334 0.08472222222222223
8 0.465625 0.4689814814814815 0.06041666666666667 0.20555555555555555
7 0.5955729166666667 0.09907407407407408 0.1203125 0.19444444444444445
5 0.140625 0.36180555555555555 0.06145833333333333 0.23564814814814813
3 0.24921875 0.8381944444444445 0.04635416666666667 0.08101851851851852
2 0.22135416666666666 0.5344907407407408 0.09270833333333334 0.15324074074074073
2 0.45989583333333334 0.23842592592592593 0.08020833333333334 0.1527777777777778
2 0.71640625 0.29467592592592595 0.0734375 0.13287037037037036
0 0.30390625 0.3141203703703704 0.0390625 0.21712962962962962
0 0.58671875 0.3997685185185185 0.0328125 0.21157407407407408
