0 0.34036458333333336 0.32916666666666666 0.0359375 0.2101851851851852
0 0.5817708333333333 0.538425925925926 0.051041666666666666 0.20462962962962963
1 0.19583333333333333 0.9502314814814815 0.046875 0.08194444444444444
2 0.22916666666666666 0.49907407407407406 0.08229166666666667 0.13148148148148148
2 0.48932291666666666 0.33055555555555555 0.0765625 0.1361111111111111
2 0.7190104166666667 0.5030092592592592 0.08072916666666667 0.1375
3 0.21171875 0.7833333333333333 0.043229166666666666 0.07592592592592592
5 0.17838541666666666 0.3 0.0859375 0.22314814814814815
6 0.50078125 0.8486111111111111 0.0859375 0.25555555555555554
7 0.640625 0.23402777777777778 0.096875 0.25046296296296294
7 0.3338541666666667 0.9087962962962963 0.13958333333333334 0.17685185185185184
8 0.46119791666666665 0.5504629629629629 0.05677083333333333 0.19444444444444445
9 0.11015625 0.2789351851851852 0.05364583333333333 0.08564814814814815
9 0.7447916666666666 0.2641203703703704 0.04895833333333333 0.08564814814814815
10 0.8078125 0.6509259259259259 0.06979166666666667 0.10740740740740741
10 0.32760416666666664 0.6604166666666667 0.065625 0.11435185185185186
11 0.7239583333333334 0.8372685185185185 0.121875 0.2152777777777778
12 0.47109375 0.14699074074074073 0.059895833333333336 0.08472222222222223
