0 0.58046875 0.5423611111111111 0.058854166666666666 0.1986111111111111
0 0.34791666666666665 0.30300925925925926 0.040625 0.2050925925925926
2 0.23151041666666666 0.45717592592592593 0.0796875 0.12453703703703704
2 0.49713541666666666 0.32592592592592595 0.07447916666666667 0.13425925925925927
2 0.7364583333333333 0.5252314814814815 0.046875 0.14027777777777778
2 0.7184895833333333 0.5256944444444445 0.08177083333333333 0.13935185185185187
5 0.18984375 0.25555555555555554 0.0890625 0.2111111111111111
6 0.4861979166666667 0.8407407407407408 0.07760416666666667 0.2518518518518518
7 0.65 0.24976851851851853 0.09166666666666666 0.24305555555555555
7 0.3190104166666667 0.8854166666666666 0.14114583333333333 0.2013888888888889
8 0.45989583333333334 0.5365740740740741 0.06145833333333333 0.18888888888888888
9 0.12447916666666667 0.22800925925925927 0.051041666666666666 0.08657407407407407
9 0.7544270833333333 0.28912037037037036 0.04739583333333333 0.08472222222222223
10 0.321875 0.6303240740740741 0.06666666666666667 0.10972222222222222
10 0.8018229166666667 0.6842592592592592 0.07239583333333334 0.10462962962962963
11 0.7104166666666667 0.8560185185185185 0.11666666666666667 0.22314814814814815
12 0.48671875 0.13912037037037037 0.05677083333333333 0.08101851851851852
