7 0.5619791666666667 0.16180555555555556 0.121875 0.23472222222222222
12 0.3841145833333333 0.19189814814814815 0.06510416666666667 0.10972222222222222
0 0.56953125 0.4837962962962963 0.03177083333333333 0.20555555555555555
0 0.29453125 0.45092592592592595 0.049479166666666664 0.20925925925925926
11 0.7611979166666667 0.6678240740740741 0.14322916666666666 0.1449074074074074
5 0.13541666666666666 0.5361111111111111 0.04375 0.22685185185185186
8 0.46015625 0.5766203703703704 0.06510416666666667 0.2013888888888889
2 0.6895833333333333 0.3574074074074074 0.06458333333333334 0.12037037037037036
2 0.4395833333333333 0.35 0.07916666666666666 0.14537037037037037
2 0.22682291666666668 0.6895833333333333 0.09114583333333333 0.1550925925925926
6 0.5640625 0.8273148148148148 0.125 0.24259259259259258
9 0.06302083333333333 0.5636574074074074 0.05625 0.08657407407407407
9 0.6614583333333334 0.11782407407407407 0.05 0.0837962962962963
10 0.8013020833333333 0.4358796296296296 0.06822916666666666 0.11342592592592593
10 0.359375 0.7719907407407407 0.06145833333333333 0.12083333333333333
