2 0.41302083333333334 0.7618055555555555 0.0875 0.15694444444444444
2 0.57578125 0.39537037037037037 0.07135416666666666 0.13518518518518519
12 0.6893229166666667 0.4113425925925926 0.044270833333333336 0.11157407407407408
11 0.22447916666666667 0.6752314814814815 0.14791666666666667 0.17175925925925925
6 0.2864583333333333 0.27291666666666664 0.13958333333333334 0.12175925925925926
10 0.4348958333333333 0.05763888888888889 0.057291666666666664 0.11342592592592593
10 0.2994791666666667 0.8875 0.06979166666666667 0.13055555555555556
7 0.59609375 0.687037037037037 0.14114583333333333 0.12222222222222222
9 0.55 0.8907407407407407 0.051041666666666666 0.08796296296296297
0 0.6127604166666667 0.1476851851851852 0.1140625 0.08981481481481482
0 0.43411458333333336 0.5018518518518519 0.10572916666666667 0.13333333333333333
8 0.46197916666666666 0.28912037037037036 0.10416666666666667 0.12824074074074074
