0 0.4640625 0.3090277777777778 0.11458333333333333 0.06527777777777778
0 0.396875 0.8090277777777778 0.11979166666666667 0.07175925925925926
1 0.7731770833333333 0.8835648148148149 0.0453125 0.07731481481481481
6 0.6481770833333333 0.38564814814814813 0.13489583333333333 0.1925925925925926
3 0.6817708333333333 0.8979166666666667 0.04375 0.08009259259259259
12 0.25026041666666665 0.59375 0.0578125 0.12175925925925926
8 0.5002604166666667 0.5143518518518518 0.10885416666666667 0.09907407407407408
9 0.27395833333333336 0.08587962962962963 0.04791666666666667 0.08842592592592592
7 0.27682291666666664 0.2625 0.14114583333333333 0.22314814814814815
7 0.7223958333333333 0.649537037037037 0.090625 0.23703703703703705
10 0.5877604166666667 0.7231481481481481 0.06927083333333334 0.10740740740740741
2 0.4171875 0.08449074074074074 0.071875 0.1310185185185185
2 0.36640625 0.5143518518518518 0.0828125 0.1537037037037037
2 0.5192708333333333 0.9289351851851851 0.08333333333333333 0.13657407407407407
