12 0.30833333333333335 0.20046296296296295 0.06354166666666666 0.12037037037037036
11 0.76015625 0.35532407407407407 0.14114583333333333 0.07083333333333333
10 0.7424479166666667 0.13819444444444445 0.06822916666666666 0.11064814814814815
10 0.42994791666666665 0.7481481481481481 0.06510416666666667 0.10462962962962963
9 0.10833333333333334 0.7784722222222222 0.058333333333333334 0.08194444444444444
8 0.46927083333333336 0.4965277777777778 0.08125 0.18009259259259258
7 0.46875 0.07453703703703704 0.13020833333333334 0.14722222222222223
7 0.5416666666666666 0.9041666666666667 0.13645833333333332 0.17962962962962964
6 0.6239583333333333 0.6451388888888889 0.1375 0.17453703703703705
5 0.16848958333333333 0.6997685185185185 0.0765625 0.22916666666666666
2 0.2903645833333333 0.7694444444444445 0.08489583333333334 0.14722222222222223
2 0.4041666666666667 0.31296296296296294 0.071875 0.1361111111111111
2 0.6283854166666667 0.14560185185185184 0.0765625 0.1412037037037037
0 0.2903645833333333 0.5127314814814815 0.09114583333333333 0.17083333333333334
0 0.55078125 0.3375 0.06510416666666667 0.19166666666666668
