0 0.5619791666666667 0.38587962962962963 0.05520833333333333 0.19768518518518519
0 0.2916666666666667 0.5 0.08020833333333334 0.18425925925925926
8 0.4713541666666667 0.5293981481481481 0.078125 0.1865740740740741
11 0.76953125 0.4599537037037037 0.1421875 0.07731481481481481
12 0.334375 0.20347222222222222 0.06458333333333334 0.12638888888888888
2 0.27109375 0.7620370370370371 0.0890625 0.15185185185185185
2 0.4161458333333333 0.3266203703703704 0.07291666666666667 0.14212962962962963
2 0.653125 0.20972222222222223 0.07291666666666667 0.13703703703703704
5 0.15390625 0.6659722222222222 0.06197916666666667 0.23194444444444445
6 0.61328125 0.7122685185185185 0.13697916666666668 0.1986111111111111
7 0.4986979166666667 0.09328703703703704 0.1296875 0.18101851851851852
7 0.5127604166666667 0.9347222222222222 0.1359375 0.12037037037037036
9 0.08880208333333334 0.7293981481481482 0.0578125 0.07916666666666666
10 0.7690104166666667 0.22314814814814815 0.06822916666666666 0.11481481481481481
10 0.41067708333333336 0.7706018518518518 0.0671875 0.10972222222222222
