12 0.31223958333333335 0.20439814814814813 0.0609375 0.12268518518518519
11 0.7614583333333333 0.36180555555555555 0.14166666666666666 0.07361111111111111
10 0.7447916666666666 0.14166666666666666 0.06666666666666667 0.10555555555555556
10 0.43072916666666666 0.7527777777777778 0.06458333333333334 0.1037037037037037
9 0.109375 0.781712962962963 0.059375 0.08287037037037037
8 0.4713541666666667 0.500462962962963 0.08020833333333334 0.17962962962962964
7 0.54375 0.9081018518518519 0.13541666666666666 0.17546296296296296
7 0.4705729166666667 0.07939814814814815 0.13072916666666667 0.1550925925925926
6 0.6244791666666667 0.6509259259259259 0.13958333333333334 0.17685185185185184
5 0.1703125 0.7048611111111112 0.075 0.2310185185185185
2 0.6309895833333333 0.15 0.07552083333333333 0.14444444444444443
2 0.40651041666666665 0.3143518518518518 0.07135416666666666 0.13703703703703704
2 0.29270833333333335 0.7736111111111111 0.084375 0.14907407407407408
0 0.28984375 0.5201388888888889 0.09427083333333333 0.1699074074074074
0 0.5533854166666666 0.3435185185185185 0.06510416666666667 0.19166666666666668
