2 0.72421875 0.3300925925925926 0.08697916666666666 0.13333333333333333
2 0.496875 0.5997685185185185 0.08333333333333333 0.14305555555555555
2 0.23619791666666667 0.5203703703703704 0.08072916666666667 0.1361111111111111
12 0.54609375 0.8064814814814815 0.06822916666666666 0.11018518518518519
3 0.6947916666666667 0.07407407407407407 0.041666666666666664 0.075
8 0.49661458333333336 0.36666666666666664 0.05677083333333333 0.1962962962962963
5 0.8046875 0.5018518518518519 0.05 0.22407407407407406
11 0.20260416666666667 0.20069444444444445 0.13541666666666666 0.1726851851851852
6 0.42083333333333334 0.12037037037037036 0.10416666666666667 0.2388888888888889
7 0.34921875 0.7729166666666667 0.1171875 0.24675925925925926
0 0.37447916666666664 0.43472222222222223 0.036458333333333336 0.2064814814814815
0 0.6497395833333334 0.5425925925925926 0.04114583333333333 0.2064814814814815
9 0.2328125 0.8004629629629629 0.05625 0.08703703703703704
9 0.8744791666666667 0.49560185185185185 0.052083333333333336 0.08472222222222223
10 0.12994791666666666 0.4125 0.07552083333333333 0.13425925925925927
10 0.6072916666666667 0.22361111111111112 0.058333333333333334 0.12314814814814815
