0 0.42083333333333334 0.34467592592592594 0.11458333333333333 0.06712962962962964
0 0.4473958333333333 0.8523148148148149 0.11354166666666667 0.13333333333333333
1 0.8111979166666666 0.7087962962962963 0.04739583333333333 0.0712962962962963
3 0.73046875 0.774537037037037 0.0453125 0.07592592592592592
12 0.2669270833333333 0.7354166666666667 0.0703125 0.12453703703703704
8 0.49114583333333334 0.5222222222222223 0.11145833333333334 0.12407407407407407
9 0.19244791666666666 0.23194444444444445 0.0515625 0.09074074074074075
7 0.23125 0.4023148148148148 0.13020833333333334 0.23981481481481481
7 0.7221354166666667 0.5141203703703704 0.07760416666666667 0.2310185185185185
10 0.6125 0.663425925925926 0.065625 0.11851851851851852
2 0.33229166666666665 0.15416666666666667 0.06875 0.11851851851851852
2 0.36328125 0.5918981481481481 0.08177083333333333 0.14305555555555555
2 0.58984375 0.906712962962963 0.0859375 0.1625
6 0.6080729166666666 0.3164351851851852 0.1234375 0.23564814814814813
