12 0.29635416666666664 0.26666666666666666 0.05625 0.11666666666666667
11 0.7546875 0.2671296296296296 0.1375 0.10555555555555556
10 0.7135416666666666 0.06273148148148149 0.06458333333333334 0.11342592592592593
10 0.48072916666666665 0.7631944444444444 0.06354166666666666 0.11064814814814815
9 0.16692708333333334 0.9101851851851852 0.0546875 0.09259259259259259
8 0.49192708333333335 0.5 0.0921875 0.15925925925925927
7 0.4393229166666667 0.0763888888888889 0.13072916666666667 0.14907407407407408
7 0.6083333333333333 0.8784722222222222 0.134375 0.20324074074074075
6 0.6565104166666667 0.59375 0.1390625 0.14305555555555555
5 0.21692708333333333 0.8104166666666667 0.0953125 0.2152777777777778
2 0.34609375 0.8351851851851851 0.07447916666666667 0.13796296296296295
2 0.40520833333333334 0.3460648148148148 0.0625 0.12361111111111112
2 0.6059895833333333 0.10601851851851851 0.07760416666666667 0.14537037037037037
0 0.31614583333333335 0.5858796296296296 0.10729166666666666 0.1375
0 0.5513020833333333 0.3212962962962963 0.0828125 0.17037037037037037
