12 0.2552083333333333 0.4363425925925926 0.040625 0.1125
11 0.6807291666666667 0.12685185185185185 0.11770833333333333 0.17314814814814813
10 0.53828125 0.7699074074074074 0.0640625 0.11666666666666667
8 0.49583333333333335 0.5138888888888888 0.10729166666666666 0.11574074074074074
7 0.3453125 0.15694444444444444 0.134375 0.1537037037037037
7 0.6807291666666667 0.7872685185185185 0.11875 0.2375
6 0.6640625 0.49189814814814814 0.13958333333333334 0.12731481481481483
0 0.5067708333333333 0.3106481481481482 0.10520833333333333 0.11944444444444445
0 0.346875 0.7201388888888889 0.121875 0.07175925925925926
2 0.5072916666666667 0.0763888888888889 0.07916666666666666 0.15092592592592594
2 0.37578125 0.4337962962962963 0.07135416666666666 0.13518518518518519
2 0.4317708333333333 0.9287037037037037 0.06666666666666667 0.13425925925925927
