2 0.27369791666666665 0.21319444444444444 0.08072916666666667 0.1300925925925926
2 0.5533854166666666 0.2655092592592593 0.06614583333333333 0.1162037037037037
2 0.72890625 0.6111111111111112 0.0921875 0.14814814814814814
0 0.4122395833333333 0.1451388888888889 0.0734375 0.1912037037037037
0 0.5864583333333333 0.5287037037037037 0.09479166666666666 0.175
1 0.12552083333333333 0.5898148148148148 0.04791666666666667 0.07407407407407407
3 0.18359375 0.45416666666666666 0.0453125 0.0787037037037037
8 0.471875 0.42939814814814814 0.0875 0.17731481481481481
6 0.4276041666666667 0.7414351851851851 0.075 0.26064814814814813
12 0.5854166666666667 0.07361111111111111 0.0625 0.09351851851851851
9 0.81640625 0.40671296296296294 0.0546875 0.08472222222222223
7 0.7174479166666666 0.2916666666666667 0.0671875 0.25
7 0.25859375 0.66875 0.1265625 0.24953703703703703
10 0.31979166666666664 0.4337962962962963 0.06875 0.11574074074074074
10 0.7791666666666667 0.8273148148148148 0.075 0.12222222222222222
