2 0.47239583333333335 0.07708333333333334 0.075 0.14027777777777778
2 0.3703125 0.46875 0.07708333333333334 0.1439814814814815
2 0.46770833333333334 0.9354166666666667 0.07395833333333333 0.12361111111111112
3 0.6307291666666667 0.9629629629629629 0.04375 0.06851851851851852
0 0.490625 0.3108796296296296 0.11041666666666666 0.09675925925925925
0 0.36614583333333334 0.7631944444444444 0.12395833333333334 0.06527777777777778
6 0.6619791666666667 0.45208333333333334 0.14375 0.15601851851851853
7 0.31640625 0.19837962962962963 0.14010416666666667 0.17731481481481481
7 0.7018229166666666 0.7402777777777778 0.10885416666666667 0.2388888888888889
8 0.49895833333333334 0.5203703703703704 0.10729166666666666 0.10277777777777777
10 0.5611979166666666 0.7594907407407407 0.06302083333333333 0.11342592592592593
12 0.25078125 0.5030092592592592 0.04739583333333333 0.11527777777777778
