2 0.3302083333333333 0.08055555555555556 0.08333333333333333 0.1527777777777778
2 0.5705729166666667 0.31689814814814815 0.07760416666666667 0.1439814814814815
2 0.6520833333333333 0.7611111111111111 0.08229166666666667 0.13240740740740742
12 0.6450520833333333 0.16342592592592592 0.0671875 0.12314814814814815
3 0.1953125 0.23541666666666666 0.04375 0.07824074074074074
6 0.3416666666666667 0.6587962962962963 0.12395833333333334 0.25555555555555554
10 0.3190104166666667 0.30648148148148147 0.0640625 0.12129629629629629
7 0.20989583333333334 0.4726851851851852 0.08541666666666667 0.25462962962962965
7 0.71875 0.45694444444444443 0.11145833333333334 0.25092592592592594
9 0.7841145833333333 0.6365740740740741 0.05572916666666667 0.08888888888888889
1 0.11223958333333334 0.3125 0.0484375 0.07962962962962963
0 0.4666666666666667 0.10069444444444445 0.103125 0.1476851851851852
0 0.5390625 0.5828703703703704 0.11979166666666667 0.10555555555555556
8 0.453125 0.40671296296296294 0.11145833333333334 0.14212962962962963
