2 0.6229166666666667 0.07546296296296297 0.07916666666666666 0.14537037037037037
2 0.5276041666666667 0.5217592592592593 0.07291666666666667 0.13703703703703704
2 0.28567708333333336 0.7266203703703704 0.08489583333333334 0.15416666666666667
12 0.6322916666666667 0.6347222222222222 0.06458333333333334 0.12222222222222222
8 0.4583333333333333 0.331712962962963 0.08645833333333333 0.18194444444444444
5 0.73984375 0.13518518518518519 0.0796875 0.2111111111111111
11 0.14348958333333334 0.4979166666666667 0.1609375 0.08009259259259259
6 0.2994791666666667 0.1875 0.14270833333333333 0.1935185185185185
7 0.46510416666666665 0.8108796296296297 0.14791666666666667 0.16898148148148148
0 0.3729166666666667 0.5064814814814815 0.07083333333333333 0.1935185185185185
0 0.6302083333333334 0.32083333333333336 0.09166666666666666 0.15833333333333333
9 0.37552083333333336 0.9525462962962963 0.04791666666666667 0.08657407407407407
9 0.7901041666666667 0.07013888888888889 0.051041666666666666 0.08472222222222223
10 0.15260416666666668 0.7506944444444444 0.078125 0.11157407407407408
10 0.49192708333333335 0.09884259259259259 0.0640625 0.11064814814814815
