2 0.62421875 0.075 0.07447916666666667 0.14444444444444443
2 0.5283854166666667 0.5212962962962963 0.07239583333333334 0.13425925925925927
2 0.2869791666666667 0.7275462962962963 0.084375 0.15416666666666667
12 0.6291666666666667 0.625 0.06458333333333334 0.12222222222222222
8 0.45989583333333334 0.3300925925925926 0.084375 0.1824074074074074
5 0.7380208333333333 0.13564814814814816 0.08333333333333333 0.21203703703703702
11 0.1453125 0.49421296296296297 0.159375 0.08009259259259259
6 0.3 0.1865740740740741 0.14375 0.19722222222222222
7 0.4674479166666667 0.8034722222222223 0.14635416666666667 0.17175925925925925
0 0.375 0.5043981481481481 0.06979166666666667 0.1912037037037037
0 0.63125 0.31875 0.08958333333333333 0.1597222222222222
9 0.37734375 0.9467592592592593 0.049479166666666664 0.09259259259259259
9 0.78828125 0.06898148148148148 0.049479166666666664 0.08703703703703704
10 0.15520833333333334 0.7458333333333333 0.08020833333333334 0.10740740740740741
10 0.49375 0.09976851851851852 0.06354166666666666 0.11435185185185186
