2 0.6692708333333334 0.18518518518518517 0.08229166666666667 0.14537037037037037
2 0.51015625 0.575925925925926 0.08177083333333333 0.14722222222222223
2 0.246875 0.6620370370370371 0.07395833333333333 0.13333333333333333
12 0.5963541666666666 0.7333333333333333 0.06770833333333333 0.12222222222222222
8 0.46822916666666664 0.35671296296296295 0.07604166666666666 0.2023148148148148
5 0.7755208333333333 0.29606481481481484 0.05625 0.21898148148148147
11 0.14791666666666667 0.36875 0.15520833333333334 0.10972222222222222
6 0.3411458333333333 0.15300925925925926 0.13125 0.23472222222222222
7 0.40546875 0.8243055555555555 0.1421875 0.21157407407407408
0 0.36354166666666665 0.48865740740740743 0.046875 0.2050925925925926
0 0.6395833333333333 0.42800925925925926 0.06979166666666667 0.19027777777777777
9 0.2994791666666667 0.9254629629629629 0.05416666666666667 0.09351851851851851
9 0.8348958333333333 0.2523148148148148 0.053125 0.08796296296296297
10 0.11848958333333333 0.6219907407407408 0.0765625 0.12453703703703704
10 0.5390625 0.1511574074074074 0.06458333333333334 0.11435185185185186
