2 0.30442708333333335 0.1361111111111111 0.08489583333333334 0.15
2 0.5677083333333334 0.3013888888888889 0.07291666666666667 0.13333333333333333
2 0.6903645833333333 0.7171296296296297 0.09010416666666667 0.1388888888888889
12 0.6203125 0.14328703703703705 0.06875 0.11435185185185186
3 0.18463541666666666 0.3280092592592593 0.04635416666666667 0.08194444444444444
6 0.37421875 0.7113425925925926 0.10885416666666667 0.25972222222222224
10 0.31640625 0.36574074074074076 0.06510416666666667 0.11574074074074074
10 0.70859375 0.9418981481481481 0.06927083333333334 0.11064814814814815
7 0.22473958333333333 0.5652777777777778 0.10572916666666667 0.25555555555555554
7 0.7263020833333333 0.39837962962962964 0.09635416666666667 0.25601851851851853
9 0.8067708333333333 0.5539351851851851 0.057291666666666664 0.08101851851851852
1 0.11015625 0.43194444444444446 0.0484375 0.07777777777777778
0 0.5625 0.575 0.11354166666666667 0.13703703703703704
0 0.44375 0.12013888888888889 0.08958333333333333 0.17083333333333334
8 0.4609375 0.4233796296296296 0.10416666666666667 0.15416666666666667
