0 0.5552083333333333 0.3527777777777778 0.065625 0.1925925925925926
0 0.29192708333333334 0.5157407407407407 0.0890625 0.17685185185185184
2 0.6348958333333333 0.1613425925925926 0.075 0.13935185185185187
2 0.40625 0.3194444444444444 0.06979166666666667 0.13333333333333333
2 0.2872395833333333 0.7773148148148148 0.08385416666666666 0.14907407407407408
5 0.16588541666666667 0.7034722222222223 0.0734375 0.22824074074074074
6 0.6229166666666667 0.6657407407407407 0.13958333333333334 0.18055555555555555
7 0.475 0.08194444444444444 0.13333333333333333 0.16203703703703703
7 0.53828125 0.9145833333333333 0.13697916666666668 0.1587962962962963
8 0.4713541666666667 0.5108796296296296 0.08125 0.18287037037037038
9 0.10338541666666666 0.7803240740740741 0.059895833333333336 0.08194444444444444
10 0.7502604166666667 0.1574074074074074 0.0671875 0.10925925925925926
10 0.42734375 0.7606481481481482 0.0640625 0.1037037037037037
11 0.7635416666666667 0.38101851851851853 0.14166666666666666 0.0712962962962963
12 0.31875 0.2111111111111111 0.06145833333333333 0.12037037037037036
