0 0.3924479166666667 0.3599537037037037 0.09010416666666667 0.16898148148148148
0 0.5885416666666666 0.7291666666666666 0.0625 0.2064814814814815
1 0.8200520833333333 0.23981481481481481 0.0421875 0.075
6 0.5341145833333333 0.13773148148148148 0.05677083333333333 0.24768518518518517
3 0.7794270833333333 0.3761574074074074 0.04635416666666667 0.07083333333333333
12 0.40963541666666664 0.8351851851851851 0.06614583333333333 0.09444444444444444
8 0.509375 0.425 0.07916666666666666 0.175
9 0.16432291666666668 0.5125 0.0546875 0.08888888888888889
9 0.7953125 0.9189814814814815 0.05520833333333333 0.09074074074074075
7 0.2630208333333333 0.6030092592592593 0.06979166666666667 0.24861111111111112
7 0.6919270833333333 0.1787037037037037 0.12760416666666666 0.2351851851851852
5 0.7322916666666667 0.8592592592592593 0.1125 0.19444444444444445
10 0.6541666666666667 0.4125 0.06875 0.11851851851851852
10 0.20651041666666667 0.1099537037037037 0.0703125 0.12731481481481483
2 0.25364583333333335 0.2951388888888889 0.08854166666666667 0.15416666666666667
2 0.43671875 0.6150462962962963 0.06822916666666666 0.1162037037037037
2 0.71796875 0.6238425925925926 0.0734375 0.1125
