0 0.44479166666666664 0.32037037037037036 0.11458333333333333 0.05462962962962963
0 0.4127604166666667 0.8293981481481482 0.1203125 0.09861111111111111
1 0.7885416666666667 0.8231481481481482 0.046875 0.075
6 0.6330729166666667 0.35694444444444445 0.13385416666666666 0.2101851851851852
3 0.70078125 0.8583333333333333 0.043229166666666666 0.07592592592592592
12 0.25078125 0.6506944444444445 0.06510416666666667 0.12453703703703704
8 0.4942708333333333 0.5159722222222223 0.11354166666666667 0.11157407407407408
9 0.23802083333333332 0.13518518518518519 0.04895833333333333 0.09074074074074075
7 0.2546875 0.3125 0.140625 0.22592592592592592
7 0.72265625 0.6006944444444444 0.07447916666666667 0.2300925925925926
10 0.5963541666666666 0.7037037037037037 0.06875 0.10648148148148148
2 0.38125 0.1037037037037037 0.06979166666666667 0.12222222222222222
2 0.36015625 0.5458333333333333 0.0859375 0.15
2 0.5440104166666667 0.9247685185185185 0.08802083333333334 0.14212962962962963
