0 0.43697916666666664 0.3282407407407407 0.11770833333333333 0.05462962962962963
0 0.42291666666666666 0.8391203703703703 0.11979166666666667 0.10694444444444444
1 0.7979166666666667 0.7916666666666666 0.04791666666666667 0.07685185185185185
6 0.62578125 0.34282407407407406 0.12864583333333332 0.2162037037037037
3 0.71171875 0.8361111111111111 0.043229166666666666 0.07685185185185185
12 0.25494791666666666 0.6787037037037037 0.06614583333333333 0.125
8 0.49244791666666665 0.5203703703703704 0.11302083333333333 0.11666666666666667
9 0.2234375 0.16203703703703703 0.04895833333333333 0.08888888888888889
7 0.7239583333333334 0.575462962962963 0.06979166666666667 0.22685185185185186
7 0.2453125 0.3384259259259259 0.1375 0.23703703703703705
10 0.6018229166666667 0.6932870370370371 0.06822916666666666 0.11157407407407408
2 0.3611979166666667 0.5587962962962963 0.08385416666666666 0.14629629629629629
2 0.5583333333333333 0.9229166666666667 0.0875 0.14027777777777778
2 0.36484375 0.11851851851851852 0.06614583333333333 0.11851851851851852
