2 0.54765625 0.4900462962962963 0.0703125 0.12916666666666668
2 0.3171875 0.7231481481481481 0.08541666666666667 0.15462962962962962
12 0.6546875 0.5844907407407407 0.06041666666666667 0.1162037037037037
8 0.4700520833333333 0.3145833333333333 0.08697916666666666 0.1726851851851852
5 0.73828125 0.09675925925925925 0.09114583333333333 0.19166666666666668
11 0.16848958333333333 0.5212962962962963 0.15572916666666667 0.08518518518518518
6 0.30833333333333335 0.1900462962962963 0.14375 0.18287037037037038
7 0.49921875 0.7803240740740741 0.14114583333333333 0.1550925925925926
0 0.39401041666666664 0.49745370370370373 0.07760416666666667 0.18194444444444444
0 0.6390625 0.28055555555555556 0.09895833333333333 0.15
9 0.4161458333333333 0.9358796296296297 0.046875 0.09675925925925925
10 0.18880208333333334 0.7606481481481482 0.08072916666666667 0.11574074074074074
10 0.49453125 0.07939814814814815 0.06197916666666667 0.11527777777777778
