0 0.3927083333333333 0.37199074074074073 0.10833333333333334 0.12638888888888888
0 0.5200520833333333 0.8326388888888889 0.0890625 0.1865740740740741
1 0.8276041666666667 0.47638888888888886 0.04479166666666667 0.07222222222222222
6 0.565625 0.22962962962962963 0.090625 0.2537037037037037
3 0.7669270833333334 0.587037037037037 0.043229166666666666 0.07592592592592592
12 0.328125 0.8368055555555556 0.07291666666666667 0.11342592592592593
8 0.49453125 0.5039351851851852 0.09947916666666666 0.15138888888888888
9 0.15 0.4048611111111111 0.05625 0.07916666666666666
7 0.22604166666666667 0.5414351851851852 0.10208333333333333 0.25787037037037036
7 0.7119791666666667 0.3490740740740741 0.109375 0.23796296296296296
10 0.6364583333333333 0.5539351851851851 0.06458333333333334 0.1125
2 0.26848958333333334 0.24074074074074073 0.08385416666666666 0.14629629629629629
2 0.39088541666666665 0.6407407407407407 0.07760416666666667 0.12037037037037036
2 0.6630208333333333 0.7979166666666667 0.08020833333333334 0.1412037037037037
