7 0.61484375 0.1050925925925926 0.1171875 0.2101851851851852
7 0.38125 0.8800925925925925 0.14895833333333333 0.16111111111111112
12 0.43072916666666666 0.04398148148148148 0.065625 0.08796296296296297
0 0.31692708333333336 0.28194444444444444 0.03697916666666667 0.22037037037037038
0 0.59375 0.4043981481481482 0.036458333333333336 0.2162037037037037
11 0.7731770833333333 0.6543981481481481 0.1453125 0.1875
5 0.1515625 0.3060185185185185 0.06979166666666667 0.23055555555555557
8 0.46953125 0.456712962962963 0.0578125 0.2023148148148148
1 0.24036458333333333 0.9608796296296296 0.0484375 0.06805555555555555
2 0.7260416666666667 0.31828703703703703 0.07604166666666666 0.13935185185185187
2 0.47265625 0.22708333333333333 0.08177083333333333 0.14583333333333334
2 0.2234375 0.48865740740740743 0.09166666666666666 0.15046296296296297
6 0.5471354166666667 0.7423611111111111 0.11302083333333333 0.2587962962962963
3 0.23802083333333332 0.7925925925925926 0.04895833333333333 0.07685185185185185
9 0.07890625 0.31342592592592594 0.0546875 0.09537037037037037
9 0.721875 0.0763888888888889 0.051041666666666666 0.08981481481481482
10 0.3453125 0.6199074074074075 0.06458333333333334 0.12222222222222222
10 0.834375 0.43287037037037035 0.06979166666666667 0.12129629629629629
