2 0.25286458333333334 0.2847222222222222 0.07239583333333334 0.11944444444444445
2 0.534375 0.24097222222222223 0.07291666666666667 0.12824074074074074
2 0.7432291666666667 0.5171296296296296 0.09166666666666666 0.14814814814814814
0 0.3807291666666667 0.16620370370370371 0.05416666666666667 0.2064814814814815
0 0.5963541666666666 0.48657407407407405 0.07916666666666666 0.19722222222222222
1 0.14765625 0.7097222222222223 0.049479166666666664 0.0787037037037037
3 0.18984375 0.555324074074074 0.04635416666666667 0.07824074074074074
8 0.4752604166666667 0.4324074074074074 0.07447916666666667 0.19166666666666668
6 0.46770833333333334 0.7509259259259259 0.06145833333333333 0.2537037037037037
12 0.5450520833333333 0.04513888888888889 0.058854166666666666 0.08194444444444444
9 0.80390625 0.2916666666666667 0.050520833333333334 0.08981481481481482
7 0.7002604166666667 0.21481481481481482 0.08072916666666667 0.2518518518518518
7 0.28984375 0.7398148148148148 0.1421875 0.23425925925925925
10 0.32421875 0.48518518518518516 0.07135416666666666 0.10740740740740741
10 0.8161458333333333 0.7113425925925926 0.07604166666666666 0.10787037037037037
5 0.2359375 0.0863425925925926 0.10729166666666666 0.1726851851851852
11 0.7026041666666667 0.8557870370370371 0.10625 0.2587962962962963
