5 0.27682291666666664 0.924074074074074 0.11614583333333334 0.14629629629629629
12 0.27057291666666666 0.37569444444444444 0.04635416666666667 0.11342592592592593
11 0.7153645833333333 0.16527777777777777 0.1265625 0.15092592592592594
10 0.5270833333333333 0.7733796296296296 0.058333333333333334 0.12361111111111112
8 0.5020833333333333 0.5094907407407407 0.10416666666666667 0.1300925925925926
7 0.3802083333333333 0.12106481481481482 0.12916666666666668 0.12731481481481483
7 0.6666666666666666 0.8233796296296296 0.12604166666666666 0.23287037037037037
6 0.67109375 0.5256944444444445 0.13697916666666668 0.09953703703703703
0 0.5286458333333334 0.30949074074074073 0.1 0.13935185185185187
0 0.34036458333333336 0.6810185185185185 0.11927083333333334 0.09259259259259259
2 0.5471354166666667 0.07847222222222222 0.0796875 0.15138888888888888
2 0.39010416666666664 0.40324074074074073 0.06458333333333334 0.13148148148148148
2 0.4083333333333333 0.90625 0.06041666666666667 0.13194444444444445
