0 0.4708333333333333 0.30995370370370373 0.11354166666666667 0.07083333333333333
0 0.3885416666666667 0.8020833333333334 0.121875 0.06435185185185185
1 0.7606770833333333 0.9122685185185185 0.04635416666666667 0.07916666666666666
6 0.6526041666666667 0.4023148148148148 0.14479166666666668 0.18425925925925926
3 0.6692708333333334 0.9206018518518518 0.04479166666666667 0.08194444444444444
12 0.25078125 0.5680555555555555 0.058854166666666666 0.11944444444444445
8 0.49947916666666664 0.5166666666666667 0.10833333333333334 0.08981481481481482
9 0.28880208333333335 0.06805555555555555 0.0484375 0.08703703703703704
7 0.2875 0.24282407407407408 0.14270833333333333 0.20694444444444443
7 0.7174479166666666 0.6722222222222223 0.0953125 0.2388888888888889
10 0.5794270833333334 0.7335648148148148 0.0734375 0.1087962962962963
2 0.36640625 0.500462962962963 0.08385416666666666 0.15
2 0.43046875 0.08402777777777778 0.07447916666666667 0.13842592592592592
2 0.5065104166666666 0.9319444444444445 0.0796875 0.13055555555555556
