2 0.6229166666666667 0.06967592592592593 0.075 0.13935185185185187
2 0.53046875 0.5152777777777777 0.0734375 0.13796296296296295
2 0.28984375 0.7157407407407408 0.0828125 0.14444444444444443
12 0.63125 0.6217592592592592 0.06354166666666666 0.11851851851851852
8 0.4596354166666667 0.32175925925925924 0.08697916666666666 0.17777777777777778
5 0.7393229166666667 0.13194444444444445 0.08072916666666667 0.20833333333333334
11 0.14973958333333334 0.48819444444444443 0.1578125 0.07824074074074074
6 0.30416666666666664 0.18333333333333332 0.140625 0.19444444444444445
7 0.46770833333333334 0.7956018518518518 0.146875 0.16805555555555557
0 0.3770833333333333 0.49745370370370373 0.07083333333333333 0.1875
0 0.6309895833333333 0.3138888888888889 0.09010416666666667 0.16203703703703703
9 0.37786458333333334 0.9423611111111111 0.04739583333333333 0.09768518518518518
9 0.7875 0.06620370370370371 0.04895833333333333 0.08518518518518518
10 0.15885416666666666 0.7358796296296296 0.07916666666666666 0.10972222222222222
10 0.49296875 0.0962962962962963 0.06302083333333333 0.11388888888888889
