0 0.40338541666666666 0.36527777777777776 0.1140625 0.09444444444444444
0 0.47578125 0.8604166666666667 0.10572916666666667 0.16064814814814815
1 0.8192708333333333 0.6180555555555556 0.04895833333333333 0.07314814814814814
6 0.5869791666666667 0.28541666666666665 0.109375 0.2449074074074074
3 0.746875 0.7041666666666667 0.04375 0.07407407407407407
12 0.28541666666666665 0.7951388888888888 0.07395833333333333 0.12546296296296297
8 0.48932291666666666 0.5243055555555556 0.10677083333333333 0.14027777777777778
9 0.16588541666666667 0.31342592592592594 0.0546875 0.08611111111111111
7 0.22161458333333334 0.47291666666666665 0.12239583333333333 0.2569444444444444
7 0.71875 0.45393518518518516 0.09375 0.23287037037037037
10 0.62109375 0.6296296296296297 0.0609375 0.11851851851851852
2 0.2981770833333333 0.19837962962962963 0.07552083333333333 0.12824074074074074
2 0.3692708333333333 0.6263888888888889 0.08333333333333333 0.13703703703703704
2 0.6205729166666667 0.8780092592592592 0.08385416666666666 0.1550925925925926
