12 0.29140625 0.2912037037037037 0.05364583333333333 0.11481481481481481
7 0.42682291666666666 0.08587962962962963 0.1265625 0.14027777777777778
6 0.6651041666666667 0.5775462962962963 0.13854166666666667 0.12824074074074074
0 0.3234375 0.6085648148148148 0.11145833333333334 0.12731481481481483
0 0.5489583333333333 0.31527777777777777 0.08854166666666667 0.1648148148148148
2 0.5940104166666667 0.09675925925925925 0.07864583333333333 0.14814814814814814
2 0.403125 0.35833333333333334 0.057291666666666664 0.11851851851851852
2 0.36380208333333336 0.8574074074074074 0.07135416666666666 0.13703703703703704
5 0.23333333333333334 0.8479166666666667 0.10208333333333333 0.2152777777777778
7 0.6265625 0.8692129629629629 0.13541666666666666 0.2125
8 0.4973958333333333 0.5030092592592592 0.09583333333333334 0.1550925925925926
9 0.18489583333333334 0.9523148148148148 0.05520833333333333 0.08981481481481482
10 0.4953125 0.7689814814814815 0.0625 0.11481481481481481
11 0.75 0.23935185185185184 0.134375 0.11944444444444445
