2 0.24114583333333334 0.44166666666666665 0.08541666666666667 0.14722222222222223
2 0.48489583333333336 0.6164351851851851 0.08229166666666667 0.1449074074074074
2 0.74453125 0.43796296296296294 0.08385416666666666 0.13518518518518519
1 0.7518229166666667 0.03194444444444444 0.0421875 0.062037037037037036
12 0.5096354166666667 0.8395833333333333 0.06302083333333333 0.09583333333333334
3 0.7450520833333333 0.17407407407407408 0.0421875 0.07407407407407407
8 0.5122395833333333 0.3909722222222222 0.05677083333333333 0.1912037037037037
5 0.8036458333333333 0.6407407407407407 0.075 0.2212962962962963
11 0.2484375 0.125 0.11875 0.21203703703703702
6 0.47161458333333334 0.12337962962962963 0.0859375 0.24305555555555555
7 0.32135416666666666 0.7331018518518518 0.10520833333333333 0.26157407407407407
0 0.38723958333333336 0.41226851851851853 0.0546875 0.2023148148148148
0 0.64375 0.6210648148148148 0.036458333333333336 0.21712962962962962
9 0.20546875 0.7131944444444445 0.0515625 0.0875
9 0.8729166666666667 0.6594907407407408 0.05416666666666667 0.08657407407407407
10 0.15364583333333334 0.2972222222222222 0.07395833333333333 0.12222222222222222
10 0.6416666666666667 0.2877314814814815 0.06666666666666667 0.11527777777777778
