12 0.30703125 0.19907407407407407 0.06302083333333333 0.12129629629629629
11 0.7591145833333334 0.355787037037037 0.14114583333333333 0.0699074074074074
10 0.740625 0.1363425925925926 0.06770833333333333 0.1087962962962963
10 0.4296875 0.7462962962962963 0.065625 0.10462962962962963
9 0.10807291666666667 0.7789351851851852 0.05572916666666667 0.08101851851851852
8 0.46875 0.49583333333333335 0.08333333333333333 0.1787037037037037
7 0.4671875 0.07546296296296297 0.13125 0.14537037037037037
7 0.5419270833333333 0.9041666666666667 0.1359375 0.17592592592592593
6 0.62421875 0.6444444444444445 0.13802083333333334 0.17777777777777778
5 0.16848958333333333 0.7002314814814815 0.07552083333333333 0.2300925925925926
2 0.6283854166666667 0.14606481481481481 0.0765625 0.1439814814814815
2 0.40234375 0.31180555555555556 0.06927083333333334 0.14027777777777778
2 0.29010416666666666 0.7680555555555556 0.084375 0.14814814814814814
0 0.2908854166666667 0.5131944444444444 0.09322916666666667 0.1699074074074074
0 0.5505208333333333 0.33773148148148147 0.06666666666666667 0.1875
