2 0.25442708333333336 0.27685185185185185 0.0734375 0.11574074074074074
2 0.53671875 0.2423611111111111 0.0734375 0.12916666666666668
2 0.74375 0.5266203703703703 0.08958333333333333 0.15138888888888888
0 0.38255208333333335 0.16435185185185186 0.05572916666666667 0.20462962962962963
0 0.5973958333333333 0.49166666666666664 0.08020833333333334 0.19166666666666668
1 0.14427083333333332 0.700925925925926 0.04895833333333333 0.0787037037037037
3 0.18854166666666666 0.5469907407407407 0.04791666666666667 0.07916666666666666
8 0.475 0.4337962962962963 0.075 0.1925925925925926
6 0.46432291666666664 0.7527777777777778 0.058854166666666666 0.25
12 0.5486979166666667 0.04884259259259259 0.059895833333333336 0.0837962962962963
9 0.8057291666666667 0.3025462962962963 0.051041666666666666 0.08564814814814815
7 0.2875 0.7375 0.140625 0.2351851851851852
7 0.7036458333333333 0.22013888888888888 0.07916666666666666 0.2523148148148148
10 0.3234375 0.4837962962962963 0.07083333333333333 0.10833333333333334
10 0.8125 0.7215277777777778 0.07916666666666666 0.11064814814814815
5 0.24036458333333333 0.0863425925925926 0.10677083333333333 0.16898148148148148
11 0.69921875 0.8636574074074074 0.10572916666666667 0.26064814814814813
