2 0.33125 0.09166666666666666 0.084375 0.15
2 0.5734375 0.3277777777777778 0.078125 0.14444444444444443
2 0.6572916666666667 0.7759259259259259 0.08541666666666667 0.13425925925925927
12 0.6432291666666666 0.18356481481481482 0.06770833333333333 0.12268518518518519
3 0.19791666666666666 0.24930555555555556 0.04583333333333333 0.07824074074074074
6 0.3453125 0.6738425925925926 0.12395833333333334 0.25787037037037036
10 0.32083333333333336 0.32083333333333336 0.06458333333333334 0.12222222222222222
7 0.2125 0.49166666666666664 0.08645833333333333 0.25462962962962965
7 0.721875 0.4673611111111111 0.11145833333333334 0.24953703703703703
9 0.7888020833333333 0.6465277777777778 0.05677083333333333 0.08657407407407407
1 0.11588541666666667 0.3296296296296296 0.0484375 0.0787037037037037
0 0.5432291666666667 0.593287037037037 0.12083333333333333 0.1087962962962963
0 0.4739583333333333 0.12361111111111112 0.10520833333333333 0.13425925925925927
8 0.4557291666666667 0.41967592592592595 0.109375 0.14212962962962963
