2 0.63671875 0.09930555555555555 0.0765625 0.1449074074074074
2 0.5270833333333333 0.5375 0.071875 0.1388888888888889
2 0.27630208333333334 0.7152777777777778 0.08177083333333333 0.14537037037037037
12 0.628125 0.6613425925925925 0.06458333333333334 0.12453703703703704
8 0.46171875 0.3368055555555556 0.08177083333333333 0.18564814814814815
5 0.7505208333333333 0.1738425925925926 0.07708333333333334 0.2152777777777778
11 0.14427083333333332 0.4634259259259259 0.15729166666666666 0.07777777777777778
6 0.30885416666666665 0.1787037037037037 0.14166666666666666 0.2074074074074074
7 0.45208333333333334 0.819675925925926 0.146875 0.1865740740740741
0 0.3723958333333333 0.5050925925925925 0.06770833333333333 0.19444444444444445
0 0.634375 0.34791666666666665 0.08854166666666667 0.1726851851851852
9 0.35833333333333334 0.9520833333333333 0.05 0.0875
9 0.8026041666666667 0.11018518518518519 0.052083333333333336 0.08611111111111111
10 0.14375 0.7240740740740741 0.08020833333333334 0.10925925925925926
10 0.5046875 0.11041666666666666 0.065625 0.1125
