2 0.73984375 0.42268518518518516 0.0859375 0.14814814814814814
2 0.5098958333333333 0.21921296296296297 0.07708333333333334 0.14583333333333334
2 0.23359375 0.34444444444444444 0.08072916666666667 0.13240740740740742
5 0.19505208333333332 0.14606481481481481 0.0921875 0.21157407407407408
1 0.17317708333333334 0.8041666666666667 0.0484375 0.07592592592592592
3 0.19921875 0.6361111111111111 0.04635416666666667 0.07592592592592592
11 0.73359375 0.7671296296296296 0.12447916666666667 0.2351851851851852
0 0.3546875 0.19398148148148148 0.041666666666666664 0.21203703703703702
0 0.5953125 0.4393518518518518 0.06145833333333333 0.20555555555555555
6 0.49713541666666666 0.7393518518518518 0.08385416666666666 0.26296296296296295
8 0.46979166666666666 0.42800925925925926 0.06354166666666666 0.1986111111111111
9 0.12890625 0.11550925925925926 0.05572916666666667 0.0912037037037037
9 0.7747395833333334 0.1884259259259259 0.049479166666666664 0.09074074074074075
10 0.8278645833333333 0.5884259259259259 0.07552083333333333 0.11666666666666667
10 0.3263020833333333 0.5236111111111111 0.07239583333333334 0.1175925925925926
7 0.6677083333333333 0.1425925925925926 0.09583333333333334 0.2574074074074074
7 0.31953125 0.7872685185185185 0.14739583333333334 0.21064814814814814
