12 0.36770833333333336 0.20347222222222222 0.06666666666666667 0.11435185185185186
11 0.7658854166666667 0.6194444444444445 0.14427083333333332 0.125
10 0.7932291666666667 0.3840277777777778 0.06979166666666667 0.1125
10 0.371875 0.7877314814814815 0.06354166666666666 0.12083333333333333
9 0.6411458333333333 0.08726851851851852 0.04895833333333333 0.08194444444444444
9 0.0640625 0.625 0.058333333333333334 0.08703703703703704
8 0.46145833333333336 0.5761574074074074 0.06875 0.20046296296296295
7 0.5424479166666667 0.14722222222222223 0.1265625 0.225
6 0.5760416666666667 0.8094907407407408 0.13125 0.2310185185185185
5 0.134375 0.5844907407407407 0.0375 0.22916666666666666
2 0.43125 0.35208333333333336 0.07916666666666666 0.14305555555555555
2 0.23645833333333333 0.7256944444444444 0.09270833333333334 0.15601851851851853
2 0.6799479166666667 0.32430555555555557 0.06614583333333333 0.11712962962962963
0 0.2903645833333333 0.47638888888888886 0.05677083333333333 0.2064814814814815
0 0.565625 0.4652777777777778 0.0375 0.20833333333333334
