2 0.36041666666666666 0.07106481481481482 0.08229166666666667 0.13657407407407407
2 0.5765625 0.3527777777777778 0.08020833333333334 0.14722222222222223
2 0.61796875 0.8157407407407408 0.0765625 0.1175925925925926
12 0.6604166666666667 0.2275462962962963 0.065625 0.12546296296296297
3 0.2171875 0.1787037037037037 0.042708333333333334 0.07685185185185185
6 0.32109375 0.6298611111111111 0.13489583333333333 0.2412037037037037
10 0.3299479166666667 0.2798611111111111 0.0671875 0.11990740740740741
7 0.20833333333333334 0.4131944444444444 0.065625 0.24583333333333332
7 0.709375 0.5331018518518519 0.125 0.2449074074074074
9 0.7606770833333333 0.7282407407407407 0.05260416666666667 0.08981481481481482
1 0.13125 0.23333333333333334 0.04583333333333333 0.07407407407407407
0 0.49557291666666664 0.12476851851851851 0.1078125 0.11342592592592593
0 0.5216145833333333 0.6050925925925926 0.1203125 0.0787037037037037
8 0.4510416666666667 0.41458333333333336 0.1125 0.12638888888888888
