0 0.29270833333333335 0.48935185185185187 0.06875 0.19444444444444445
0 0.5645833333333333 0.4201388888888889 0.04791666666666667 0.20046296296296295
2 0.6661458333333333 0.25810185185185186 0.06979166666666667 0.12916666666666668
2 0.4231770833333333 0.3400462962962963 0.07552083333333333 0.1449074074074074
2 0.2557291666666667 0.7493055555555556 0.090625 0.15787037037037038
5 0.1453125 0.6326388888888889 0.053125 0.23287037037037037
6 0.5981770833333333 0.756712962962963 0.13489583333333333 0.2125
7 0.51796875 0.11064814814814815 0.1296875 0.2074074074074074
8 0.4671875 0.5504629629629629 0.07395833333333333 0.19444444444444445
9 0.07682291666666667 0.6856481481481481 0.058854166666666666 0.07962962962962963
9 0.6106770833333334 0.03935185185185185 0.0453125 0.07685185185185185
10 0.39375 0.781712962962963 0.06458333333333334 0.11064814814814815
10 0.7815104166666667 0.29259259259259257 0.0703125 0.11574074074074074
11 0.76953125 0.5289351851851852 0.1453125 0.09675925925925925
12 0.34817708333333336 0.2013888888888889 0.0671875 0.11851851851851852
