2 0.5734375 0.4136574074074074 0.06666666666666667 0.12824074074074074
2 0.3927083333333333 0.7525462962962963 0.08854166666666667 0.1550925925925926
12 0.6872395833333333 0.44699074074074074 0.0484375 0.1125
11 0.21041666666666667 0.6377314814814815 0.15208333333333332 0.15231481481481482
6 0.2921875 0.2462962962962963 0.13958333333333334 0.125
10 0.2747395833333333 0.8618055555555556 0.0734375 0.12638888888888888
10 0.45234375 0.055324074074074074 0.058854166666666666 0.10694444444444444
7 0.5778645833333333 0.711574074074074 0.13802083333333334 0.10462962962962963
9 0.5244791666666667 0.906712962962963 0.04895833333333333 0.09212962962962963
0 0.6252604166666667 0.16944444444444445 0.1109375 0.1037037037037037
0 0.42734375 0.49907407407407406 0.10052083333333334 0.14722222222222223
8 0.46770833333333334 0.2900462962962963 0.103125 0.14027777777777778
