2 0.6411458333333333 0.11157407407407408 0.07916666666666666 0.14814814814814814
2 0.525 0.5423611111111111 0.075 0.14305555555555555
2 0.27265625 0.7145833333333333 0.08385416666666666 0.1439814814814815
12 0.6229166666666667 0.6706018518518518 0.06458333333333334 0.12546296296296297
8 0.4627604166666667 0.34050925925925923 0.08072916666666667 0.18564814814814815
5 0.7549479166666667 0.1849537037037037 0.07447916666666667 0.2162037037037037
11 0.14322916666666666 0.4532407407407407 0.159375 0.07685185185185185
6 0.31197916666666664 0.17731481481481481 0.13854166666666667 0.20833333333333334
7 0.4479166666666667 0.8173611111111111 0.14479166666666668 0.18564814814814815
0 0.37005208333333334 0.5043981481481481 0.06510416666666667 0.19768518518518519
0 0.63515625 0.3578703703703704 0.08489583333333334 0.17037037037037037
9 0.3515625 0.9495370370370371 0.05 0.09074074074074075
9 0.8059895833333334 0.12152777777777778 0.05364583333333333 0.08472222222222223
10 0.14088541666666668 0.7155092592592592 0.08072916666666667 0.1125
10 0.5088541666666667 0.11550925925925926 0.06666666666666667 0.11435185185185186
