2 0.27838541666666666 0.1935185185185185 0.08177083333333333 0.13425925925925927
2 0.5557291666666667 0.275 0.06770833333333333 0.12129629629629629
2 0.7197916666666667 0.6381944444444444 0.09270833333333334 0.14675925925925926
0 0.4200520833333333 0.14097222222222222 0.0828125 0.18564814814814815
0 0.5807291666666666 0.5405092592592593 0.1 0.16898148148148148
1 0.11848958333333333 0.5537037037037037 0.049479166666666664 0.07685185185185185
3 0.18072916666666666 0.42685185185185187 0.04583333333333333 0.07777777777777778
8 0.46770833333333334 0.4284722222222222 0.09270833333333334 0.1736111111111111
6 0.4122395833333333 0.7384259259259259 0.08385416666666666 0.25833333333333336
12 0.5932291666666667 0.0863425925925926 0.065625 0.09953703703703703
9 0.8143229166666667 0.44212962962962965 0.05572916666666667 0.08888888888888889
7 0.7200520833333334 0.31689814814814815 0.0734375 0.2523148148148148
7 0.24635416666666668 0.6481481481481481 0.12604166666666666 0.2537037037037037
10 0.3171875 0.41805555555555557 0.06875 0.11944444444444445
10 0.7638020833333333 0.8604166666666667 0.07552083333333333 0.12546296296296297
