2 0.5760416666666667 0.39143518518518516 0.07083333333333333 0.1375
2 0.41770833333333335 0.7645833333333333 0.08541666666666667 0.1587962962962963
12 0.68828125 0.40162037037037035 0.043229166666666666 0.1125
11 0.22786458333333334 0.687962962962963 0.1484375 0.17777777777777778
6 0.2838541666666667 0.28032407407407406 0.140625 0.12453703703703704
10 0.42942708333333335 0.056712962962962965 0.05677083333333333 0.11157407407407408
10 0.3065104166666667 0.8949074074074074 0.06822916666666666 0.12962962962962962
7 0.5989583333333334 0.6826388888888889 0.14270833333333333 0.12916666666666668
9 0.5583333333333333 0.8893518518518518 0.05 0.08888888888888889
0 0.6080729166666666 0.14027777777777778 0.1140625 0.08703703703703704
0 0.4354166666666667 0.5020833333333333 0.10833333333333334 0.12916666666666668
8 0.459375 0.28958333333333336 0.10520833333333333 0.12916666666666668
