2 0.2752604166666667 0.20694444444444443 0.0796875 0.13333333333333333
2 0.5549479166666667 0.2738425925925926 0.06510416666666667 0.12546296296296297
2 0.7252604166666666 0.6217592592592592 0.09427083333333333 0.15
0 0.4166666666666667 0.14375 0.07708333333333334 0.1884259259259259
0 0.584375 0.5340277777777778 0.09791666666666667 0.1699074074074074
1 0.12213541666666666 0.5740740740740741 0.04739583333333333 0.07777777777777778
3 0.1828125 0.444212962962963 0.04479166666666667 0.07731481481481481
8 0.4700520833333333 0.42939814814814814 0.09010416666666667 0.17731481481481481
6 0.42109375 0.7414351851851851 0.07864583333333333 0.2569444444444444
12 0.5893229166666667 0.08125 0.06510416666666667 0.09583333333333334
9 0.8151041666666666 0.4224537037037037 0.05416666666666667 0.08287037037037037
7 0.7190104166666667 0.30115740740740743 0.06927083333333334 0.24861111111111112
7 0.25338541666666664 0.6578703703703703 0.12447916666666667 0.2518518518518518
10 0.31927083333333334 0.42824074074074076 0.06770833333333333 0.11851851851851852
10 0.7723958333333333 0.8430555555555556 0.07604166666666666 0.12407407407407407
