12 0.303125 0.21226851851851852 0.059375 0.12268518518518519
11 0.75859375 0.3296296296296296 0.14114583333333333 0.0712962962962963
10 0.7354166666666667 0.1175925925925926 0.06666666666666667 0.10648148148148148
10 0.44140625 0.7493055555555556 0.0640625 0.1087962962962963
9 0.12135416666666667 0.8076388888888889 0.057291666666666664 0.08472222222222223
8 0.4744791666666667 0.49537037037037035 0.08333333333333333 0.17777777777777778
7 0.46067708333333335 0.07407407407407407 0.12864583333333332 0.14629629629629629
7 0.5575520833333333 0.8976851851851851 0.1359375 0.18055555555555555
6 0.6307291666666667 0.632175925925926 0.14166666666666666 0.16898148148148148
5 0.17890625 0.7240740740740741 0.08072916666666667 0.22592592592592592
2 0.6223958333333334 0.13541666666666666 0.075 0.14212962962962963
2 0.4036458333333333 0.31689814814814815 0.06770833333333333 0.13842592592592592
2 0.303125 0.7842592592592592 0.08229166666666667 0.14907407407407408
0 0.2950520833333333 0.5291666666666667 0.0953125 0.16203703703703703
0 0.55078125 0.3326388888888889 0.07239583333333334 0.1875
