2 0.6307291666666667 0.08935185185185185 0.07916666666666666 0.15092592592592594
2 0.5276041666666667 0.531712962962963 0.075 0.1412037037037037
2 0.28098958333333335 0.7210648148148148 0.08385416666666666 0.14305555555555555
12 0.6302083333333334 0.6525462962962963 0.065625 0.12453703703703704
8 0.46015625 0.33564814814814814 0.08385416666666666 0.18333333333333332
5 0.7463541666666667 0.15856481481481483 0.07916666666666666 0.21435185185185185
11 0.14296875 0.47824074074074074 0.1578125 0.07962962962962963
6 0.30442708333333335 0.18009259259259258 0.14010416666666667 0.2064814814814815
7 0.45807291666666666 0.8152777777777778 0.14739583333333334 0.17962962962962964
0 0.6322916666666667 0.337037037037037 0.08854166666666667 0.16111111111111112
0 0.3723958333333333 0.5060185185185185 0.06770833333333333 0.1962962962962963
9 0.3653645833333333 0.9516203703703704 0.0484375 0.08842592592592592
9 0.796875 0.09328703703703704 0.053125 0.0837962962962963
10 0.14739583333333334 0.7354166666666667 0.07916666666666666 0.11064814814814815
10 0.49921875 0.10717592592592592 0.06510416666666667 0.11342592592592593
