0 0.39557291666666666 0.3578703703703704 0.10364583333333334 0.13518518518518519
0 0.5317708333333333 0.8043981481481481 0.08645833333333333 0.18564814814814815
1 0.8294270833333334 0.42800925925925926 0.04635416666666667 0.07175925925925926
6 0.5627604166666667 0.20532407407407408 0.08802083333333334 0.2569444444444444
3 0.7723958333333333 0.5423611111111111 0.04479166666666667 0.07824074074074074
12 0.34348958333333335 0.8261574074074074 0.07239583333333334 0.1087962962962963
8 0.49921875 0.48171296296296295 0.09635416666666667 0.15416666666666667
9 0.1546875 0.4101851851851852 0.05625 0.07777777777777778
7 0.23411458333333332 0.5421296296296296 0.09739583333333333 0.25277777777777777
7 0.7127604166666667 0.3122685185185185 0.1109375 0.24583333333333332
10 0.6427083333333333 0.5231481481481481 0.06458333333333334 0.12037037037037036
10 0.2520833333333333 0.05138888888888889 0.06354166666666666 0.10092592592592593
2 0.2716145833333333 0.23935185185185184 0.08489583333333334 0.14907407407407408
2 0.39817708333333335 0.6273148148148148 0.0734375 0.1175925925925926
2 0.6763020833333333 0.762962962962963 0.08177083333333333 0.1361111111111111
