2 0.24010416666666667 0.4527777777777778 0.08333333333333333 0.14907407407407408
2 0.4861979166666667 0.6175925925925926 0.0796875 0.14722222222222223
2 0.7416666666666667 0.42430555555555555 0.08333333333333333 0.14027777777777778
12 0.5130208333333334 0.8351851851851851 0.065625 0.09074074074074075
3 0.7395833333333334 0.16203703703703703 0.041666666666666664 0.075
8 0.5111979166666667 0.38796296296296295 0.05572916666666667 0.1935185185185185
5 0.8044270833333333 0.6236111111111111 0.07135416666666666 0.22407407407407406
11 0.24270833333333333 0.1337962962962963 0.121875 0.2064814814814815
6 0.46510416666666665 0.11944444444444445 0.08854166666666667 0.2351851851851852
7 0.3255208333333333 0.7379629629629629 0.10729166666666666 0.2574074074074074
0 0.38619791666666664 0.4150462962962963 0.05260416666666667 0.20601851851851852
0 0.6458333333333334 0.6111111111111112 0.035416666666666666 0.21296296296296297
9 0.209375 0.7240740740740741 0.053125 0.08796296296296297
9 0.875 0.6372685185185185 0.052083333333333336 0.08564814814814815
10 0.15 0.3127314814814815 0.07395833333333333 0.12638888888888888
10 0.6369791666666667 0.27824074074074073 0.065625 0.11666666666666667
