2 0.6986979166666667 0.3875 0.06822916666666666 0.12314814814814815
2 0.4518229166666667 0.34050925925925923 0.0796875 0.1439814814814815
2 0.22369791666666666 0.6462962962962963 0.0921875 0.14907407407407408
12 0.403125 0.1787037037037037 0.065625 0.10833333333333334
5 0.1390625 0.4789351851851852 0.05416666666666667 0.22916666666666666
3 0.25833333333333336 0.9363425925925926 0.04479166666666667 0.08009259259259259
11 0.75703125 0.7069444444444445 0.14010416666666667 0.1638888888888889
6 0.55 0.8361111111111111 0.11875 0.2490740740740741
10 0.35052083333333334 0.7523148148148148 0.0625 0.12037037037037036
10 0.8059895833333334 0.48217592592592595 0.06614583333333333 0.11527777777777778
7 0.58125 0.1736111111111111 0.11979166666666667 0.2388888888888889
9 0.6838541666666667 0.1451388888888889 0.04895833333333333 0.08287037037037037
9 0.06692708333333333 0.49699074074074073 0.05572916666666667 0.08564814814814815
0 0.5734375 0.4960648148148148 0.035416666666666666 0.20601851851851852
0 0.30078125 0.4215277777777778 0.0421875 0.21342592592592594
8 0.46041666666666664 0.5733796296296296 0.06145833333333333 0.2013888888888889
