12 0.36041666666666666 0.20810185185185184 0.065625 0.1125
11 0.76796875 0.600462962962963 0.14635416666666667 0.11944444444444445
10 0.3768229166666667 0.7956018518518518 0.0640625 0.1162037037037037
10 0.79140625 0.3613425925925926 0.0671875 0.11435185185185186
9 0.63203125 0.07847222222222222 0.0484375 0.0837962962962963
9 0.06588541666666667 0.6504629629629629 0.058854166666666666 0.08518518518518518
8 0.4635416666666667 0.5775462962962963 0.07083333333333333 0.19953703703703704
7 0.5354166666666667 0.1412037037037037 0.12916666666666668 0.22314814814814815
6 0.5825520833333333 0.8039351851851851 0.13385416666666666 0.2300925925925926
5 0.1359375 0.606712962962963 0.042708333333333334 0.23194444444444445
2 0.6768229166666667 0.31157407407407406 0.0671875 0.12129629629629629
2 0.42890625 0.355787037037037 0.07864583333333333 0.1449074074074074
2 0.23932291666666666 0.7405092592592593 0.09114583333333333 0.15601851851851853
0 0.290625 0.48657407407407405 0.06041666666666667 0.20555555555555555
0 0.5653645833333333 0.4601851851851852 0.04114583333333333 0.2074074074074074
