12 0.36276041666666664 0.20717592592592593 0.0671875 0.11435185185185186
11 0.7669270833333334 0.6074074074074074 0.14635416666666667 0.11944444444444445
10 0.7919270833333333 0.3696759259259259 0.0671875 0.10972222222222222
10 0.375 0.7912037037037037 0.06458333333333334 0.1175925925925926
9 0.634375 0.08287037037037037 0.04791666666666667 0.08518518518518518
9 0.06510416666666667 0.6430555555555556 0.057291666666666664 0.08611111111111111
8 0.4630208333333333 0.5775462962962963 0.06979166666666667 0.2013888888888889
7 0.5380208333333333 0.1449074074074074 0.128125 0.22314814814814815
6 0.58203125 0.8055555555555556 0.13177083333333334 0.22870370370370371
5 0.13567708333333334 0.6016203703703704 0.0421875 0.23194444444444445
2 0.23854166666666668 0.7358796296296296 0.09166666666666666 0.15694444444444444
2 0.42864583333333334 0.3539351851851852 0.07916666666666666 0.14675925925925926
2 0.6776041666666667 0.3164351851851852 0.06875 0.11712962962962963
0 0.28828125 0.4861111111111111 0.0609375 0.2064814814814815
0 0.5666666666666667 0.4615740740740741 0.03958333333333333 0.20833333333333334
