2 0.57109375 0.42291666666666666 0.06302083333333333 0.12546296296296297
2 0.38229166666666664 0.7532407407407408 0.08541666666666667 0.1537037037037037
12 0.68515625 0.46597222222222223 0.0484375 0.11435185185185186
11 0.20520833333333333 0.625 0.15416666666666667 0.14814814814814814
6 0.29375 0.23935185185185184 0.140625 0.13703703703703704
10 0.26171875 0.850462962962963 0.0734375 0.13333333333333333
10 0.45651041666666664 0.05578703703703704 0.058854166666666666 0.10787037037037037
7 0.56953125 0.7196759259259259 0.13697916666666668 0.09675925925925925
9 0.5106770833333333 0.9131944444444444 0.049479166666666664 0.09490740740740741
0 0.4239583333333333 0.49699074074074073 0.09791666666666667 0.15324074074074073
0 0.6278645833333333 0.18171296296296297 0.10989583333333333 0.1125
8 0.46770833333333334 0.29050925925925924 0.10104166666666667 0.1412037037037037
