12 0.25286458333333334 0.4516203703703704 0.0421875 0.11342592592592593
11 0.6723958333333333 0.1175925925925926 0.11666666666666667 0.17962962962962964
10 0.54453125 0.7685185185185185 0.06302083333333333 0.1175925925925926
8 0.49635416666666665 0.5155092592592593 0.10729166666666666 0.1125
7 0.6861979166666666 0.7763888888888889 0.11614583333333334 0.23981481481481481
7 0.33697916666666666 0.16597222222222222 0.13645833333333332 0.1597222222222222
6 0.66328125 0.48194444444444445 0.14010416666666667 0.13425925925925927
0 0.3515625 0.7300925925925926 0.12291666666666666 0.07037037037037037
0 0.5026041666666666 0.3108796296296296 0.10625 0.11435185185185186
2 0.4986979166666667 0.07546296296296297 0.0765625 0.14537037037037037
2 0.37421875 0.44375 0.07239583333333334 0.13935185185185187
2 0.44114583333333335 0.9298611111111111 0.06875 0.1300925925925926
