2 0.5739583333333333 0.4185185185185185 0.065625 0.12407407407407407
2 0.3885416666666667 0.7532407407407408 0.0875 0.1537037037037037
12 0.6869791666666667 0.45717592592592593 0.04895833333333333 0.1125
11 0.20833333333333334 0.6307870370370371 0.153125 0.15046296296296297
6 0.29322916666666665 0.2414351851851852 0.14166666666666666 0.1310185185185185
10 0.4546875 0.055324074074074074 0.058333333333333334 0.10694444444444444
10 0.26848958333333334 0.8557870370370371 0.07239583333333334 0.12824074074074074
7 0.5736979166666667 0.7127314814814815 0.13802083333333334 0.09490740740740741
9 0.5171875 0.9101851851851852 0.04895833333333333 0.09444444444444444
0 0.6268229166666667 0.17476851851851852 0.1109375 0.11064814814814815
0 0.42604166666666665 0.4979166666666667 0.09895833333333333 0.15324074074074073
8 0.46796875 0.2900462962962963 0.10260416666666666 0.14212962962962963
