2 0.62421875 0.07106481481481482 0.07552083333333333 0.14212962962962963
2 0.5302083333333333 0.5094907407407407 0.07083333333333333 0.1300925925925926
2 0.2911458333333333 0.7131944444444445 0.08229166666666667 0.14675925925925926
12 0.6322916666666667 0.6180555555555556 0.0625 0.11851851851851852
8 0.4622395833333333 0.32314814814814813 0.08385416666666666 0.1787037037037037
5 0.7393229166666667 0.13125 0.07864583333333333 0.21157407407407408
11 0.15234375 0.48819444444444443 0.15677083333333333 0.07824074074074074
6 0.30703125 0.18101851851851852 0.1421875 0.19444444444444445
7 0.46848958333333335 0.794212962962963 0.14427083333333332 0.16712962962962963
0 0.37864583333333335 0.49444444444444446 0.06979166666666667 0.19166666666666668
0 0.6333333333333333 0.31296296296296294 0.09166666666666666 0.16018518518518518
9 0.38046875 0.9412037037037037 0.0484375 0.09351851851851851
9 0.7893229166666667 0.06412037037037037 0.050520833333333334 0.08287037037037037
10 0.4947916666666667 0.09560185185185185 0.06354166666666666 0.11064814814814815
10 0.16171875 0.7340277777777777 0.0765625 0.10972222222222222
