2 0.5755208333333334 0.4076388888888889 0.06666666666666667 0.1300925925925926
2 0.3984375 0.7541666666666667 0.0875 0.1537037037037037
12 0.68671875 0.4386574074074074 0.04635416666666667 0.11342592592592593
11 0.21536458333333333 0.64375 0.15052083333333333 0.1597222222222222
6 0.29192708333333334 0.25324074074074077 0.1390625 0.125
10 0.28020833333333334 0.8650462962962963 0.06979166666666667 0.12731481481481483
10 0.44895833333333335 0.055324074074074074 0.05625 0.1087962962962963
7 0.5828125 0.7037037037037037 0.1375 0.10648148148148148
9 0.5309895833333333 0.9032407407407408 0.050520833333333334 0.08888888888888889
0 0.4296875 0.49907407407407406 0.103125 0.14537037037037037
0 0.6216145833333333 0.16435185185185186 0.11197916666666667 0.10185185185185185
8 0.4669270833333333 0.29074074074074074 0.10260416666666666 0.1388888888888889
