2 0.5729166666666666 0.37800925925925927 0.075 0.1439814814814815
2 0.44427083333333334 0.7842592592592592 0.08541666666666667 0.15462962962962962
12 0.6856770833333333 0.36319444444444443 0.043229166666666666 0.1125
11 0.24739583333333334 0.7474537037037037 0.13958333333333334 0.20324074074074075
6 0.2765625 0.32916666666666666 0.14375 0.14722222222222223
10 0.3419270833333333 0.9368055555555556 0.0671875 0.12083333333333333
10 0.4049479166666667 0.07199074074074074 0.058854166666666666 0.1162037037037037
7 0.6190104166666667 0.663425925925926 0.14427083333333332 0.15185185185185185
9 0.5924479166666666 0.8756944444444444 0.050520833333333334 0.08472222222222223
0 0.5872395833333334 0.12430555555555556 0.11510416666666666 0.07083333333333333
0 0.4432291666666667 0.5192129629629629 0.115625 0.1087962962962963
8 0.44947916666666665 0.3 0.10833333333333334 0.12037037037037036
