2 0.5661458333333333 0.3840277777777778 0.07916666666666666 0.1476851851851852
2 0.49661458333333336 0.836574074074074 0.0796875 0.13703703703703704
12 0.6731770833333334 0.32685185185185184 0.05364583333333333 0.11666666666666667
11 0.2947916666666667 0.8766203703703703 0.12291666666666666 0.23287037037037037
6 0.26848958333333334 0.45902777777777776 0.14947916666666666 0.18194444444444444
10 0.359375 0.15555555555555556 0.06666666666666667 0.1175925925925926
7 0.6479166666666667 0.6446759259259259 0.14375 0.19768518518518519
7 0.22005208333333334 0.19212962962962962 0.10677083333333333 0.2537037037037037
9 0.6510416666666666 0.8613425925925926 0.051041666666666666 0.09398148148148149
0 0.5442708333333334 0.12939814814814815 0.11458333333333333 0.06898148148148148
0 0.45807291666666666 0.5819444444444445 0.1203125 0.07777777777777778
8 0.43359375 0.3578703703703704 0.10989583333333333 0.09351851851851851
