0 0.2903645833333333 0.4844907407407407 0.06510416666666667 0.2013888888888889
0 0.5661458333333333 0.4340277777777778 0.041666666666666664 0.2023148148148148
2 0.24791666666666667 0.7409722222222223 0.09479166666666666 0.15694444444444444
2 0.425 0.34120370370370373 0.07708333333333334 0.14722222222222223
2 0.6721354166666667 0.28032407407407406 0.06822916666666666 0.12824074074074074
5 0.14010416666666667 0.6150462962962963 0.046875 0.23472222222222222
6 0.5921875 0.775 0.134375 0.21944444444444444
7 0.5270833333333333 0.12060185185185185 0.12916666666666668 0.21712962962962962
8 0.4661458333333333 0.5587962962962963 0.07395833333333333 0.19537037037037036
9 0.07057291666666667 0.6636574074074074 0.059895833333333336 0.08194444444444444
9 0.621875 0.050694444444444445 0.046875 0.0837962962962963
10 0.38645833333333335 0.7833333333333333 0.06458333333333334 0.11574074074074074
10 0.7872395833333333 0.3194444444444444 0.06927083333333334 0.11574074074074074
11 0.7703125 0.5578703703703703 0.14583333333333334 0.10648148148148148
12 0.35625 0.20324074074074075 0.06770833333333333 0.11666666666666667
