2 0.6205729166666667 0.07152777777777777 0.07760416666666667 0.1412037037037037
2 0.5278645833333333 0.5143518518518518 0.06822916666666666 0.1287037037037037
2 0.2869791666666667 0.718287037037037 0.08541666666666667 0.1449074074074074
12 0.62734375 0.6217592592592592 0.059895833333333336 0.12037037037037036
8 0.4578125 0.32407407407407407 0.08333333333333333 0.1787037037037037
5 0.7372395833333333 0.1326388888888889 0.08072916666666667 0.21435185185185185
11 0.14583333333333334 0.48865740740740743 0.15729166666666666 0.07731481481481481
6 0.30078125 0.18217592592592594 0.14427083333333332 0.1986111111111111
7 0.46458333333333335 0.7972222222222223 0.14479166666666668 0.1685185185185185
0 0.3731770833333333 0.4981481481481482 0.0703125 0.19074074074074074
0 0.6294270833333333 0.31550925925925927 0.0953125 0.1587962962962963
9 0.37578125 0.94375 0.04739583333333333 0.09675925925925925
9 0.7859375 0.06458333333333334 0.05 0.08009259259259259
10 0.15625 0.7379629629629629 0.07916666666666666 0.10925925925925926
10 0.49270833333333336 0.09467592592592593 0.0625 0.1125
