2 0.24661458333333333 0.3351851851851852 0.08802083333333334 0.15462962962962962
2 0.4549479166666667 0.6129629629629629 0.07447916666666667 0.12222222222222222
2 0.7328125 0.5548611111111111 0.075 0.11064814814814815
1 0.8028645833333333 0.1574074074074074 0.044270833333333336 0.07592592592592592
12 0.44375 0.8356481481481481 0.06458333333333334 0.08425925925925926
3 0.77578125 0.29768518518518516 0.04114583333333333 0.07962962962962963
8 0.5114583333333333 0.41064814814814815 0.071875 0.18796296296296297
5 0.76484375 0.78125 0.0984375 0.20416666666666666
6 0.5153645833333333 0.1224537037037037 0.0578125 0.24305555555555555
7 0.6752604166666667 0.12083333333333333 0.1296875 0.22037037037037038
7 0.2838541666666667 0.6456018518518518 0.07604166666666666 0.24861111111111112
0 0.390625 0.3675925925925926 0.078125 0.18055555555555555
0 0.6153645833333333 0.6875 0.04739583333333333 0.21388888888888888
9 0.17526041666666667 0.5770833333333333 0.05260416666666667 0.08564814814814815
9 0.8302083333333333 0.8321759259259259 0.05625 0.07731481481481481
10 0.18567708333333333 0.1613425925925926 0.07239583333333334 0.11342592592592593
10 0.6565104166666667 0.3613425925925926 0.0671875 0.10694444444444444
