2 0.22864583333333333 0.5766203703703704 0.08645833333333333 0.1439814814814815
2 0.47734375 0.33217592592592593 0.07864583333333333 0.1449074074074074
2 0.71953125 0.4412037037037037 0.0765625 0.13796296296296295
12 0.446875 0.17337962962962963 0.06145833333333333 0.09583333333333334
3 0.23828125 0.8675925925925926 0.043229166666666666 0.07685185185185185
8 0.46822916666666664 0.5666666666666667 0.051041666666666666 0.19537037037037036
5 0.16171875 0.38796296296296295 0.0703125 0.22685185185185186
11 0.75 0.7747685185185185 0.13645833333333332 0.1875
6 0.5346354166666667 0.8486111111111111 0.1046875 0.2537037037037037
7 0.6171875 0.2025462962962963 0.1125 0.24675925925925926
7 0.37421875 0.9368055555555556 0.14010416666666667 0.11805555555555555
0 0.32473958333333336 0.37453703703703706 0.03697916666666667 0.21203703703703702
0 0.58671875 0.51875 0.0390625 0.20416666666666666
9 0.09010416666666667 0.38796296296296295 0.053125 0.08888888888888889
9 0.7236979166666667 0.1997685185185185 0.050520833333333334 0.0837962962962963
10 0.34427083333333336 0.7122685185185185 0.0625 0.11712962962962963
10 0.8184895833333333 0.5655092592592592 0.06822916666666666 0.11435185185185186
