7 0.6354166666666666 0.11643518518518518 0.11041666666666666 0.2310185185185185
7 0.3536458333333333 0.8465277777777778 0.15104166666666666 0.18287037037037038
0 0.32708333333333334 0.24189814814814814 0.034375 0.21342592592592594
0 0.5932291666666667 0.41550925925925924 0.042708333333333334 0.2152777777777778
11 0.7583333333333333 0.6990740740740741 0.13854166666666667 0.2074074074074074
5 0.16510416666666666 0.23981481481481481 0.08020833333333334 0.22870370370370371
8 0.4674479166666667 0.44375 0.05572916666666667 0.2023148148148148
1 0.20911458333333333 0.906712962962963 0.049479166666666664 0.08194444444444444
2 0.7333333333333333 0.3597222222222222 0.08125 0.14722222222222223
2 0.4856770833333333 0.22175925925925927 0.0796875 0.15092592592592594
2 0.22447916666666667 0.430787037037037 0.08958333333333333 0.1449074074074074
6 0.5263020833333333 0.7451388888888889 0.10364583333333334 0.2625
3 0.21875 0.7326388888888888 0.04791666666666667 0.08101851851851852
9 0.09375 0.2326388888888889 0.05520833333333333 0.09583333333333334
9 0.7434895833333334 0.11666666666666667 0.050520833333333334 0.09074074074074075
10 0.334375 0.5828703703703704 0.06770833333333333 0.12129629629629629
10 0.8338541666666667 0.49398148148148147 0.07291666666666667 0.12129629629629629
