2 0.33098958333333334 0.08819444444444445 0.0859375 0.15694444444444444
2 0.5731770833333333 0.32430555555555557 0.0796875 0.1449074074074074
2 0.6552083333333333 0.7724537037037037 0.084375 0.13287037037037036
12 0.6455729166666667 0.1761574074074074 0.06927083333333334 0.12546296296296297
3 0.19557291666666668 0.24282407407407408 0.044270833333333336 0.08101851851851852
6 0.3421875 0.6708333333333333 0.125 0.25555555555555554
10 0.31979166666666664 0.31574074074074077 0.065625 0.11851851851851852
7 0.21067708333333332 0.4844907407407407 0.0859375 0.26064814814814813
7 0.7213541666666666 0.4671296296296296 0.11145833333333334 0.25277777777777777
9 0.78828125 0.6456018518518518 0.0546875 0.08472222222222223
1 0.11380208333333333 0.3229166666666667 0.0484375 0.07916666666666666
0 0.4739583333333333 0.12037037037037036 0.10520833333333333 0.1361111111111111
0 0.5408854166666667 0.5907407407407408 0.1203125 0.10555555555555556
8 0.4549479166666667 0.41412037037037036 0.1109375 0.13935185185185187
