2 0.5752604166666667 0.387037037037037 0.0734375 0.13796296296296295
2 0.42239583333333336 0.7699074074074074 0.08541666666666667 0.1537037037037037
12 0.6885416666666667 0.39328703703703705 0.041666666666666664 0.11157407407407408
11 0.23203125 0.6993055555555555 0.14427083333333332 0.18472222222222223
6 0.2828125 0.2886574074074074 0.140625 0.12916666666666668
10 0.425 0.06018518518518518 0.057291666666666664 0.11481481481481481
10 0.31328125 0.9053240740740741 0.06822916666666666 0.12638888888888888
7 0.603125 0.6782407407407407 0.14270833333333333 0.13240740740740742
9 0.5645833333333333 0.8865740740740741 0.052083333333333336 0.08703703703703704
0 0.60390625 0.1363425925925926 0.11302083333333333 0.08287037037037037
0 0.43671875 0.5069444444444444 0.1078125 0.125
8 0.45807291666666666 0.2916666666666667 0.10677083333333333 0.125
