0 0.39557291666666666 0.3664351851851852 0.11197916666666667 0.12638888888888888
0 0.52109375 0.8252314814814815 0.09010416666666667 0.1875
1 0.8276041666666667 0.4699074074074074 0.04583333333333333 0.0787037037037037
6 0.5666666666666667 0.2222222222222222 0.090625 0.25277777777777777
3 0.7674479166666667 0.5775462962962963 0.04739583333333333 0.07731481481481481
12 0.32890625 0.8331018518518518 0.07552083333333333 0.11064814814814815
8 0.49635416666666665 0.49560185185185185 0.09791666666666667 0.15231481481481482
9 0.15208333333333332 0.39837962962962964 0.05625 0.08194444444444444
7 0.228125 0.5340277777777778 0.10104166666666667 0.2587962962962963
7 0.71328125 0.3425925925925926 0.10989583333333333 0.2388888888888889
10 0.6390625 0.5527777777777778 0.06458333333333334 0.12407407407407407
2 0.2721354166666667 0.23587962962962963 0.08385416666666666 0.14583333333333334
2 0.3919270833333333 0.6351851851851852 0.07447916666666667 0.12129629629629629
2 0.6658854166666667 0.7886574074074074 0.08072916666666667 0.13842592592592592
