0 0.3963541666666667 0.3587962962962963 0.103125 0.1388888888888889
0 0.5395833333333333 0.7951388888888888 0.08541666666666667 0.19027777777777777
1 0.83046875 0.4041666666666667 0.04635416666666667 0.07407407407407407
6 0.5606770833333333 0.19537037037037036 0.08385416666666666 0.2564814814814815
3 0.775 0.5222222222222223 0.04479166666666667 0.07685185185185185
12 0.3502604166666667 0.8326388888888889 0.07135416666666666 0.11342592592592593
8 0.5005208333333333 0.4759259259259259 0.09375 0.16203703703703703
9 0.15494791666666666 0.42060185185185184 0.0578125 0.07916666666666666
7 0.23776041666666667 0.5467592592592593 0.09427083333333333 0.25277777777777777
7 0.7111979166666667 0.29583333333333334 0.11510416666666666 0.23796296296296296
10 0.64609375 0.5087962962962963 0.0640625 0.11574074074074074
10 0.24661458333333333 0.053703703703703705 0.06510416666666667 0.1037037037037037
2 0.26796875 0.24583333333333332 0.0859375 0.14814814814814814
2 0.40338541666666666 0.6259259259259259 0.07135416666666666 0.11481481481481481
2 0.68203125 0.7453703703703703 0.07864583333333333 0.13240740740740742
