12 0.30442708333333335 0.19699074074074074 0.0609375 0.11527777777777778
11 0.7580729166666667 0.3539351851851852 0.1421875 0.07175925925925926
10 0.7408854166666666 0.13425925925925927 0.06822916666666666 0.10833333333333334
10 0.43020833333333336 0.7462962962962963 0.065625 0.10277777777777777
9 0.10807291666666667 0.7793981481481481 0.0578125 0.0837962962962963
8 0.46796875 0.4935185185185185 0.08177083333333333 0.17962962962962964
7 0.46640625 0.07407407407407407 0.1296875 0.14629629629629629
7 0.5416666666666666 0.9043981481481481 0.13541666666666666 0.17175925925925925
6 0.6236979166666666 0.6421296296296296 0.14114583333333333 0.17685185185185184
5 0.16822916666666668 0.7013888888888888 0.075 0.22777777777777777
2 0.6268229166666667 0.14375 0.07552083333333333 0.13935185185185187
2 0.40260416666666665 0.31296296296296294 0.06979166666666667 0.13796296296296295
2 0.2903645833333333 0.7680555555555556 0.0859375 0.14629629629629629
0 0.28880208333333335 0.5166666666666667 0.0953125 0.16666666666666666
0 0.55 0.3365740740740741 0.06770833333333333 0.19166666666666668
