2 0.24348958333333334 0.38958333333333334 0.08802083333333334 0.15694444444444444
2 0.46875 0.6199074074074075 0.07604166666666666 0.13240740740740742
2 0.7408854166666666 0.5069444444444444 0.08072916666666667 0.12129629629629629
1 0.7817708333333333 0.09490740740740741 0.041666666666666664 0.07314814814814814
12 0.47578125 0.8446759259259259 0.059895833333333336 0.08009259259259259
3 0.7635416666666667 0.2412037037037037 0.041666666666666664 0.07592592592592592
8 0.51328125 0.4023148148148148 0.0640625 0.1925925925925926
6 0.49583333333333335 0.12199074074074075 0.07395833333333333 0.24212962962962964
7 0.6520833333333333 0.09768518518518518 0.134375 0.1935185185185185
0 0.3888020833333333 0.39189814814814816 0.06822916666666666 0.19583333333333333
0 0.6294270833333333 0.6618055555555555 0.03697916666666667 0.2162037037037037
9 0.1875 0.6425925925925926 0.052083333333333336 0.08888888888888889
9 0.853125 0.757175925925926 0.05416666666666667 0.08287037037037037
5 0.78515625 0.7215277777777778 0.09114583333333333 0.21712962962962962
10 0.1703125 0.22685185185185186 0.07291666666666667 0.11851851851851852
10 0.6479166666666667 0.3296296296296296 0.06770833333333333 0.11851851851851852
