2 0.6236979166666666 0.07546296296296297 0.0765625 0.14537037037037037
2 0.5291666666666667 0.5212962962962963 0.07083333333333333 0.13240740740740742
2 0.28619791666666666 0.7280092592592593 0.08697916666666666 0.15138888888888888
12 0.6299479166666667 0.6303240740740741 0.0640625 0.12546296296296297
8 0.46041666666666664 0.3300925925925926 0.08541666666666667 0.17685185185185184
5 0.740625 0.13680555555555557 0.08125 0.21435185185185185
11 0.14505208333333333 0.4951388888888889 0.1578125 0.0837962962962963
6 0.30026041666666664 0.18564814814814815 0.14427083333333332 0.19537037037037036
7 0.4674479166666667 0.8069444444444445 0.14635416666666667 0.16666666666666666
0 0.6307291666666667 0.32037037037037036 0.090625 0.16111111111111112
0 0.37395833333333334 0.5074074074074074 0.07291666666666667 0.19537037037037036
9 0.3770833333333333 0.9516203703703704 0.046875 0.0912037037037037
9 0.7893229166666667 0.06921296296296296 0.0515625 0.08101851851851852
10 0.49270833333333336 0.09884259259259259 0.06458333333333334 0.11435185185185186
10 0.15546875 0.7479166666666667 0.0796875 0.10972222222222222
