2 0.33671875 0.0787037037037037 0.08385416666666666 0.14907407407407408
2 0.5690104166666666 0.33125 0.0796875 0.14305555555555555
2 0.6369791666666667 0.781712962962963 0.08020833333333334 0.12638888888888888
12 0.64453125 0.19398148148148148 0.06614583333333333 0.12129629629629629
3 0.19921875 0.21851851851851853 0.043229166666666666 0.07592592592592592
6 0.33255208333333336 0.6520833333333333 0.1296875 0.24953703703703703
10 0.31953125 0.29814814814814816 0.06510416666666667 0.11851851851851852
7 0.20598958333333334 0.45787037037037037 0.0796875 0.25462962962962965
7 0.7119791666666667 0.4847222222222222 0.11770833333333333 0.2490740740740741
9 0.7731770833333333 0.6678240740740741 0.0546875 0.08564814814814815
1 0.11588541666666667 0.2902777777777778 0.04739583333333333 0.07685185185185185
0 0.47734375 0.12291666666666666 0.10677083333333333 0.12916666666666668
0 0.5309895833333333 0.5923611111111111 0.11822916666666666 0.09490740740740741
8 0.44973958333333336 0.4125 0.11302083333333333 0.1361111111111111
