5 0.27291666666666664 0.9180555555555555 0.11666666666666667 0.15833333333333333
12 0.27317708333333335 0.3648148148148148 0.04739583333333333 0.11574074074074074
11 0.7205729166666667 0.1726851851851852 0.1265625 0.14814814814814814
10 0.5255208333333333 0.7715277777777778 0.057291666666666664 0.11712962962962963
8 0.5015625 0.5069444444444444 0.10416666666666667 0.12962962962962962
7 0.38645833333333335 0.11597222222222223 0.128125 0.12361111111111112
7 0.6643229166666667 0.8287037037037037 0.12760416666666666 0.22962962962962963
6 0.671875 0.5321759259259259 0.1375 0.09490740740740741
0 0.33880208333333334 0.6729166666666667 0.11822916666666666 0.09768518518518518
0 0.5328125 0.3090277777777778 0.09895833333333333 0.1439814814814815
2 0.5541666666666667 0.07731481481481481 0.078125 0.14907407407407408
2 0.39296875 0.39791666666666664 0.0640625 0.12824074074074074
2 0.40520833333333334 0.9006944444444445 0.06041666666666667 0.12916666666666668
