2 0.3216145833333333 0.1099537037037037 0.08489583333333334 0.15324074074074073
2 0.5713541666666667 0.31574074074074077 0.07604166666666666 0.1361111111111111
2 0.6708333333333333 0.7523148148148148 0.0875 0.13425925925925927
12 0.6325520833333333 0.17314814814814813 0.0671875 0.11944444444444445
3 0.19270833333333334 0.2833333333333333 0.046875 0.08055555555555556
6 0.35703125 0.6895833333333333 0.11614583333333334 0.25787037037037036
10 0.31953125 0.3375 0.06510416666666667 0.12037037037037036
7 0.2171875 0.5192129629629629 0.09375 0.2569444444444444
7 0.7244791666666667 0.44166666666666665 0.10520833333333333 0.25
9 0.7963541666666667 0.6111111111111112 0.05625 0.08518518518518518
1 0.11354166666666667 0.3712962962962963 0.04791666666666667 0.07685185185185185
0 0.4625 0.125 0.1 0.15092592592592594
0 0.5518229166666667 0.587037037037037 0.11822916666666666 0.12129629629629629
8 0.4578125 0.42060185185185184 0.10729166666666666 0.14583333333333334
