0 0.39609375 0.3597222222222222 0.10572916666666667 0.13148148148148148
0 0.5286458333333334 0.8108796296296297 0.08854166666666667 0.1865740740740741
1 0.8296875 0.44166666666666665 0.04479166666666667 0.07222222222222222
6 0.56484375 0.21180555555555555 0.08802083333333334 0.25601851851851853
3 0.7713541666666667 0.5543981481481481 0.04583333333333333 0.08009259259259259
12 0.3375 0.8270833333333333 0.075 0.11064814814814815
8 0.4986979166666667 0.48726851851851855 0.0953125 0.15324074074074073
9 0.15390625 0.4043981481481482 0.058854166666666666 0.08194444444444444
7 0.7111979166666667 0.32083333333333336 0.11510416666666666 0.24074074074074073
7 0.23125 0.5393518518518519 0.096875 0.25555555555555554
10 0.6419270833333334 0.5335648148148148 0.0609375 0.12175925925925926
2 0.2703125 0.23310185185185187 0.08333333333333333 0.1439814814814815
2 0.39791666666666664 0.6298611111111111 0.07395833333333333 0.1162037037037037
2 0.6731770833333334 0.7763888888888889 0.0796875 0.13148148148148148
