2 0.56875 0.3178240740740741 0.07916666666666666 0.14027777777777778
2 0.3299479166666667 0.07800925925925926 0.08385416666666666 0.15231481481481482
2 0.6489583333333333 0.7631944444444444 0.08125 0.12824074074074074
12 0.6408854166666667 0.1761574074074074 0.0671875 0.12175925925925926
3 0.19479166666666667 0.2310185185185185 0.042708333333333334 0.07685185185185185
6 0.33880208333333334 0.6564814814814814 0.12760416666666666 0.25833333333333336
10 0.31744791666666666 0.3060185185185185 0.0640625 0.12222222222222222
7 0.2078125 0.46944444444444444 0.08645833333333333 0.25555555555555554
7 0.7151041666666667 0.46041666666666664 0.1125 0.24768518518518517
9 0.7807291666666667 0.6391203703703704 0.05416666666666667 0.08564814814814815
1 0.11197916666666667 0.30995370370370373 0.04791666666666667 0.07916666666666666
0 0.47239583333333335 0.11435185185185186 0.10520833333333333 0.1361111111111111
0 0.5364583333333334 0.5810185185185185 0.11666666666666667 0.10185185185185185
8 0.4518229166666667 0.40532407407407406 0.10989583333333333 0.13935185185185187
