12 0.36432291666666666 0.20717592592592593 0.06614583333333333 0.11435185185185186
11 0.7666666666666667 0.612037037037037 0.14479166666666668 0.12407407407407407
10 0.7908854166666667 0.37430555555555556 0.06822916666666666 0.1125
10 0.37421875 0.7921296296296296 0.0640625 0.1175925925925926
9 0.06484375 0.6381944444444444 0.0578125 0.0837962962962963
9 0.6364583333333333 0.0863425925925926 0.04791666666666667 0.08564814814814815
8 0.46197916666666666 0.5784722222222223 0.06979166666666667 0.19768518518518519
7 0.5385416666666667 0.14444444444444443 0.12604166666666666 0.2222222222222222
6 0.5794270833333334 0.8069444444444445 0.1296875 0.22777777777777777
5 0.13515625 0.5960648148148148 0.04010416666666667 0.2310185185185185
2 0.6778645833333333 0.3199074074074074 0.06614583333333333 0.11851851851851852
2 0.42994791666666665 0.3539351851851852 0.07760416666666667 0.14305555555555555
2 0.2375 0.7314814814814815 0.09270833333333334 0.15555555555555556
0 0.28958333333333336 0.48217592592592595 0.058333333333333334 0.20601851851851852
0 0.5653645833333333 0.46296296296296297 0.03802083333333333 0.2074074074074074
