0 0.42578125 0.33958333333333335 0.11510416666666666 0.0587962962962963
0 0.440625 0.8488425925925925 0.11458333333333333 0.12453703703703704
1 0.8088541666666667 0.7356481481481482 0.04583333333333333 0.075
6 0.6153645833333333 0.32175925925925924 0.12447916666666667 0.225
3 0.7255208333333333 0.794675925925926 0.04583333333333333 0.08101851851851852
12 0.2635416666666667 0.7215277777777778 0.07083333333333333 0.12453703703703704
8 0.49296875 0.5217592592592593 0.1109375 0.125
9 0.20104166666666667 0.20833333333333334 0.04895833333333333 0.08888888888888889
7 0.23697916666666666 0.3824074074074074 0.13125 0.23981481481481481
7 0.7252604166666666 0.5331018518518519 0.07135416666666666 0.2273148148148148
10 0.609375 0.6726851851851852 0.06666666666666667 0.11574074074074074
2 0.3416666666666667 0.14166666666666666 0.06666666666666667 0.11388888888888889
2 0.3645833333333333 0.5824074074074074 0.08333333333333333 0.13796296296296295
2 0.5794270833333334 0.9175925925925926 0.08489583333333334 0.1527777777777778
