0 0.39505208333333336 0.36041666666666666 0.1078125 0.12824074074074074
0 0.5231770833333333 0.819675925925926 0.09114583333333333 0.1884259259259259
1 0.8296875 0.462037037037037 0.046875 0.07314814814814814
6 0.5674479166666667 0.2175925925925926 0.09322916666666667 0.25555555555555554
3 0.7697916666666667 0.5740740740740741 0.04375 0.07592592592592592
12 0.3299479166666667 0.8277777777777777 0.07447916666666667 0.11574074074074074
8 0.49661458333333336 0.49375 0.0984375 0.15601851851851853
9 0.15364583333333334 0.394212962962963 0.058333333333333334 0.08194444444444444
7 0.22864583333333333 0.5328703703703703 0.10104166666666667 0.25277777777777777
7 0.71328125 0.33819444444444446 0.1109375 0.24212962962962964
10 0.63984375 0.5439814814814815 0.06510416666666667 0.12037037037037036
2 0.27057291666666666 0.2310185185185185 0.08489583333333334 0.14444444444444443
2 0.39375 0.63125 0.07291666666666667 0.11712962962962963
2 0.6666666666666666 0.7849537037037037 0.08125 0.14027777777777778
