7 0.6934895833333333 0.7576388888888889 0.11197916666666667 0.24027777777777778
7 0.3255208333333333 0.18449074074074073 0.13958333333333334 0.17175925925925925
2 0.37135416666666665 0.456712962962963 0.075 0.1412037037037037
2 0.48385416666666664 0.07893518518518519 0.07604166666666666 0.14583333333333334
2 0.45416666666666666 0.9328703703703703 0.07291666666666667 0.12407407407407407
0 0.49505208333333334 0.31203703703703706 0.1109375 0.10833333333333334
0 0.3572916666666667 0.7483796296296297 0.12291666666666666 0.06342592592592593
6 0.6606770833333333 0.4673611111111111 0.14114583333333333 0.14675925925925926
8 0.49635416666666665 0.5168981481481482 0.10833333333333334 0.10972222222222222
10 0.5526041666666667 0.7655092592592593 0.0625 0.11527777777777778
11 0.6591145833333333 0.09976851851851852 0.11302083333333333 0.18564814814814815
12 0.25 0.47939814814814813 0.04583333333333333 0.10972222222222222
