2 0.5700520833333333 0.3905092592592593 0.08177083333333333 0.15324074074074073
2 0.5216145833333333 0.8550925925925926 0.07864583333333333 0.13425925925925927
12 0.6734375 0.3189814814814815 0.05520833333333333 0.11851851851851852
3 0.26875 0.03611111111111111 0.040625 0.07037037037037037
6 0.27682291666666664 0.5083333333333333 0.14947916666666666 0.19907407407407407
10 0.35208333333333336 0.18912037037037038 0.065625 0.11157407407407408
7 0.21484375 0.2449074074074074 0.10052083333333334 0.2564814814814815
7 0.6640625 0.6395833333333333 0.14375 0.2050925925925926
9 0.67734375 0.8543981481481482 0.049479166666666664 0.09027777777777778
1 0.17916666666666667 0.04259259259259259 0.042708333333333334 0.07685185185185185
0 0.5364583333333334 0.13680555555555557 0.11354166666666667 0.06620370370370371
0 0.47161458333333334 0.6060185185185185 0.1203125 0.06111111111111111
8 0.43697916666666664 0.38263888888888886 0.11041666666666666 0.09768518518518518
