0 0.396875 0.3715277777777778 0.1125 0.11157407407407408
0 0.4940104166666667 0.8548611111111111 0.09947916666666666 0.17175925925925925
1 0.8229166666666666 0.5587962962962963 0.04479166666666667 0.0712962962962963
6 0.5768229166666666 0.2636574074074074 0.1015625 0.24861111111111112
3 0.7541666666666667 0.6578703703703703 0.04375 0.07407407407407407
12 0.30078125 0.8217592592592593 0.0734375 0.1175925925925926
8 0.4890625 0.5206018518518518 0.103125 0.14305555555555555
9 0.15520833333333334 0.3574074074074074 0.05520833333333333 0.08518518518518518
7 0.7138020833333333 0.40925925925925927 0.10052083333333334 0.24166666666666667
7 0.2203125 0.5078703703703704 0.11145833333333334 0.2537037037037037
10 0.62578125 0.6016203703703704 0.0609375 0.11527777777777778
2 0.2838541666666667 0.22152777777777777 0.08229166666666667 0.1412037037037037
2 0.37526041666666665 0.6386574074074074 0.08072916666666667 0.1300925925925926
2 0.63828125 0.8449074074074074 0.0828125 0.15185185185185185
