2 0.7145833333333333 0.4164351851851852 0.07395833333333333 0.12824074074074074
2 0.4666666666666667 0.34097222222222223 0.08125 0.14305555555555555
2 0.2296875 0.6168981481481481 0.09270833333333334 0.14212962962962963
12 0.4278645833333333 0.17222222222222222 0.06614583333333333 0.1037037037037037
3 0.25052083333333336 0.906712962962963 0.04375 0.07361111111111111
8 0.46901041666666665 0.5724537037037037 0.05677083333333333 0.19768518518518519
5 0.15130208333333334 0.43449074074074073 0.06302083333333333 0.23287037037037037
11 0.7583333333333333 0.7444444444444445 0.1375 0.17592592592592593
6 0.5466145833333333 0.8469907407407408 0.10989583333333333 0.2523148148148148
7 0.603125 0.18703703703703703 0.11666666666666667 0.25
0 0.3138020833333333 0.4 0.0359375 0.20925925925925926
0 0.5859375 0.5087962962962963 0.034375 0.2064814814814815
9 0.07890625 0.4428240740740741 0.0546875 0.08564814814814815
9 0.70859375 0.1712962962962963 0.04739583333333333 0.08611111111111111
10 0.35 0.7347222222222223 0.06145833333333333 0.11944444444444445
10 0.8177083333333334 0.5256944444444445 0.06770833333333333 0.11342592592592593
