2 0.47578125 0.0775462962962963 0.0765625 0.14305555555555555
2 0.37083333333333335 0.46412037037037035 0.07708333333333334 0.14212962962962963
2 0.4622395833333333 0.9328703703703703 0.0734375 0.12407407407407407
3 0.6263020833333334 0.9629629629629629 0.044270833333333336 0.06388888888888888
0 0.36302083333333335 0.7576388888888889 0.121875 0.060648148148148145
0 0.49166666666666664 0.31203703703703706 0.11145833333333334 0.10092592592592593
6 0.6611979166666667 0.45740740740740743 0.1421875 0.15092592592592594
7 0.31796875 0.19398148148148148 0.13802083333333334 0.175
7 0.6981770833333333 0.7467592592592592 0.1078125 0.23796296296296296
8 0.49895833333333334 0.5180555555555556 0.10729166666666666 0.10462962962962963
10 0.5580729166666667 0.7601851851851852 0.06302083333333333 0.11481481481481481
11 0.6513020833333333 0.09421296296296296 0.10989583333333333 0.1884259259259259
12 0.25026041666666665 0.49375 0.04635416666666667 0.11064814814814815
