0 0.29244791666666664 0.4912037037037037 0.07135416666666666 0.19444444444444445
0 0.5638020833333334 0.4127314814814815 0.049479166666666664 0.19953703703703704
2 0.25807291666666665 0.7506944444444444 0.0890625 0.15138888888888888
2 0.42213541666666665 0.3349537037037037 0.0765625 0.1412037037037037
2 0.6638020833333333 0.24675925925925926 0.06927083333333334 0.1287037037037037
5 0.14635416666666667 0.6386574074074074 0.05625 0.23287037037037037
6 0.5997395833333333 0.7458333333333333 0.1359375 0.2101851851851852
7 0.5143229166666666 0.10601851851851851 0.12864583333333332 0.2064814814814815
8 0.4674479166666667 0.5467592592592593 0.07447916666666667 0.1935185185185185
9 0.07916666666666666 0.6944444444444444 0.059375 0.07777777777777778
10 0.7778645833333333 0.2775462962962963 0.06927083333333334 0.11064814814814815
10 0.39817708333333335 0.7789351851851852 0.06510416666666667 0.1125
11 0.7697916666666667 0.5148148148148148 0.14479166666666668 0.09537037037037037
12 0.34479166666666666 0.20185185185185187 0.06666666666666667 0.1175925925925926
