12 0.30104166666666665 0.23449074074074075 0.058333333333333334 0.11712962962962963
11 0.75859375 0.30162037037037037 0.13802083333333334 0.08564814814814815
10 0.7270833333333333 0.09375 0.065625 0.11064814814814815
10 0.4596354166666667 0.7553240740740741 0.06302083333333333 0.1125
9 0.14114583333333333 0.8527777777777777 0.057291666666666664 0.08888888888888889
8 0.4830729166666667 0.49907407407407406 0.08802083333333334 0.1685185185185185
7 0.45286458333333335 0.07685185185185185 0.1296875 0.15
7 0.58125 0.8909722222222223 0.1375 0.19027777777777777
6 0.6442708333333333 0.6155092592592593 0.13854166666666667 0.15694444444444444
5 0.19583333333333333 0.7625 0.0875 0.2222222222222222
2 0.3221354166666667 0.8060185185185185 0.07864583333333333 0.14537037037037037
2 0.40572916666666664 0.33055555555555555 0.065625 0.13240740740740742
2 0.6171875 0.12337962962962963 0.07916666666666666 0.1439814814814815
0 0.3046875 0.5537037037037037 0.10104166666666667 0.15185185185185185
0 0.5528645833333333 0.3247685185185185 0.0765625 0.18009259259259258
