12 0.29921875 0.24328703703703702 0.0578125 0.11527777777777778
11 0.7575520833333333 0.29074074074074074 0.13802083333333334 0.09351851851851851
10 0.7231770833333333 0.0824074074074074 0.06510416666666667 0.10925925925925926
10 0.4669270833333333 0.7576388888888889 0.06302083333333333 0.11342592592592593
9 0.14869791666666668 0.8685185185185185 0.05572916666666667 0.08888888888888889
8 0.4861979166666667 0.49907407407407406 0.09010416666666667 0.16666666666666666
7 0.44817708333333334 0.07546296296296297 0.1296875 0.14907407407407408
7 0.5893229166666667 0.887962962962963 0.1359375 0.1962962962962963
6 0.6481770833333333 0.6090277777777777 0.14010416666666667 0.15416666666666667
5 0.20390625 0.7763888888888889 0.09010416666666667 0.21851851851851853
2 0.3307291666666667 0.8155092592592592 0.078125 0.1439814814814815
2 0.6135416666666667 0.11550925925925926 0.07604166666666666 0.14583333333333334
2 0.40625 0.33402777777777776 0.06354166666666666 0.12916666666666668
0 0.30833333333333335 0.5625 0.103125 0.14814814814814814
0 0.553125 0.3236111111111111 0.078125 0.17777777777777778
