2 0.3294270833333333 0.08148148148148149 0.08489583333333334 0.15462962962962962
2 0.5713541666666667 0.32037037037037036 0.08020833333333334 0.14537037037037037
2 0.653125 0.7666666666666667 0.08541666666666667 0.13148148148148148
12 0.6455729166666667 0.16712962962962963 0.06822916666666666 0.11944444444444445
3 0.19505208333333332 0.23796296296296296 0.0453125 0.07685185185185185
6 0.3419270833333333 0.6643518518518519 0.12447916666666667 0.25277777777777777
10 0.3190104166666667 0.3113425925925926 0.06510416666666667 0.12361111111111112
7 0.209375 0.47939814814814813 0.08645833333333333 0.25972222222222224
7 0.71953125 0.46087962962962964 0.1140625 0.24861111111111112
9 0.7854166666666667 0.6393518518518518 0.057291666666666664 0.08796296296296297
1 0.11328125 0.3178240740740741 0.04739583333333333 0.07731481481481481
0 0.5403645833333334 0.5844907407407407 0.11927083333333334 0.1087962962962963
0 0.47161458333333334 0.11597222222222223 0.1046875 0.14305555555555555
8 0.45286458333333335 0.40925925925925927 0.1078125 0.1388888888888889
