12 0.3067708333333333 0.19814814814814816 0.0625 0.11944444444444445
11 0.76015625 0.3587962962962963 0.14010416666666667 0.07222222222222222
10 0.74296875 0.13958333333333334 0.0671875 0.10972222222222222
10 0.4309895833333333 0.7493055555555556 0.06510416666666667 0.10231481481481482
9 0.10911458333333333 0.7798611111111111 0.05677083333333333 0.08287037037037037
8 0.47161458333333334 0.4981481481481482 0.08177083333333333 0.18055555555555555
7 0.46979166666666666 0.0775462962962963 0.13125 0.1550925925925926
7 0.5419270833333333 0.9085648148148148 0.1359375 0.17453703703703705
6 0.6231770833333333 0.6472222222222223 0.14010416666666667 0.18055555555555555
5 0.16927083333333334 0.7020833333333333 0.07604166666666666 0.2310185185185185
2 0.6294270833333333 0.1474537037037037 0.0765625 0.1449074074074074
2 0.4049479166666667 0.3125 0.0703125 0.13518518518518519
2 0.2911458333333333 0.7708333333333334 0.084375 0.14814814814814814
0 0.29140625 0.5141203703703704 0.0921875 0.17175925925925925
0 0.55234375 0.33958333333333335 0.0671875 0.1912037037037037
