0 0.33359375 0.6520833333333333 0.11822916666666666 0.10787037037037037
0 0.5388020833333333 0.31157407407407406 0.09739583333333333 0.15092592592592594
2 0.56796875 0.08194444444444444 0.07864583333333333 0.14814814814814814
2 0.3963541666666667 0.3819444444444444 0.059375 0.12037037037037036
2 0.39114583333333336 0.8905092592592593 0.06354166666666666 0.12453703703703704
5 0.25833333333333336 0.9027777777777778 0.1125 0.18888888888888888
6 0.6705729166666666 0.5483796296296296 0.1359375 0.10601851851851851
7 0.6528645833333333 0.8453703703703703 0.12864583333333332 0.22407407407407406
7 0.3997395833333333 0.10208333333333333 0.12552083333333333 0.11342592592592593
8 0.5013020833333334 0.5057870370370371 0.10260416666666666 0.13935185185185187
10 0.5166666666666667 0.7736111111111111 0.058333333333333334 0.1175925925925926
11 0.73203125 0.19444444444444445 0.13177083333333334 0.1398148148148148
12 0.2786458333333333 0.3386574074074074 0.05 0.11435185185185186
