2 0.2677083333333333 0.23402777777777778 0.07604166666666666 0.12453703703703704
2 0.5497395833333333 0.2550925925925926 0.06614583333333333 0.12129629629629629
2 0.7372395833333333 0.5780092592592593 0.0921875 0.14675925925925926
0 0.4010416666666667 0.1474537037037037 0.065625 0.20046296296296295
0 0.59375 0.5120370370370371 0.08854166666666667 0.1787037037037037
1 0.1328125 0.6273148148148148 0.04791666666666667 0.07592592592592592
3 0.1859375 0.48518518518518516 0.04583333333333333 0.07962962962962963
8 0.4752604166666667 0.42800925925925926 0.0828125 0.18287037037037038
6 0.4421875 0.7453703703703703 0.065625 0.2564814814814815
12 0.57421875 0.06273148148148149 0.06302083333333333 0.09212962962962963
9 0.8153645833333333 0.36527777777777776 0.0515625 0.08055555555555556
7 0.7166666666666667 0.2655092592592593 0.06666666666666667 0.24861111111111112
7 0.2703125 0.6928240740740741 0.13333333333333333 0.24675925925925926
10 0.32317708333333334 0.44814814814814813 0.0671875 0.11481481481481481
10 0.79453125 0.7893518518518519 0.0765625 0.1175925925925926
