2 0.29270833333333335 0.15486111111111112 0.08125 0.14212962962962963
2 0.5630208333333333 0.2886574074074074 0.071875 0.12731481481481483
2 0.7036458333333333 0.687962962962963 0.09166666666666666 0.14629629629629629
12 0.6111979166666667 0.11944444444444445 0.06510416666666667 0.11018518518518519
3 0.18125 0.36527777777777776 0.046875 0.08055555555555556
6 0.3885416666666667 0.7231481481481481 0.10104166666666667 0.2657407407407407
10 0.31588541666666664 0.38657407407407407 0.06614583333333333 0.11944444444444445
10 0.7317708333333334 0.9203703703703704 0.07291666666666667 0.13333333333333333
7 0.23151041666666666 0.5986111111111111 0.1140625 0.25555555555555554
7 0.7252604166666666 0.36435185185185187 0.08697916666666666 0.2564814814814815
9 0.8122395833333333 0.5131944444444444 0.0546875 0.08287037037037037
1 0.11067708333333333 0.47847222222222224 0.04739583333333333 0.08194444444444444
0 0.4354166666666667 0.12546296296296297 0.08645833333333333 0.17592592592592593
0 0.5705729166666667 0.5606481481481481 0.10885416666666667 0.15
8 0.46328125 0.425462962962963 0.10052083333333334 0.1638888888888889
