2 0.5645833333333333 0.44166666666666665 0.058333333333333334 0.11944444444444445
2 0.3606770833333333 0.7423611111111111 0.08697916666666666 0.15416666666666667
12 0.6739583333333333 0.49953703703703706 0.052083333333333336 0.11666666666666667
11 0.19036458333333334 0.5886574074074075 0.1546875 0.12731481481481483
6 0.29739583333333336 0.21805555555555556 0.14166666666666666 0.15
10 0.46875 0.05763888888888889 0.06041666666666667 0.11157407407407408
10 0.23645833333333333 0.8199074074074074 0.07291666666666667 0.12314814814814815
7 0.54609375 0.7375 0.13802083333333334 0.11666666666666667
9 0.4796875 0.9210648148148148 0.04791666666666667 0.09675925925925925
0 0.4140625 0.49444444444444446 0.09166666666666666 0.16574074074074074
0 0.6325520833333333 0.21041666666666667 0.1046875 0.12638888888888888
8 0.46875 0.2951388888888889 0.09895833333333333 0.15416666666666667
