2 0.7104166666666667 0.4043981481481482 0.071875 0.12731481481481483
2 0.46145833333333336 0.33958333333333335 0.08333333333333333 0.1476851851851852
2 0.22708333333333333 0.6282407407407408 0.08958333333333333 0.14537037037037037
12 0.4171875 0.16967592592592592 0.06458333333333334 0.10046296296296296
5 0.14635416666666667 0.4516203703703704 0.058333333333333334 0.23194444444444445
3 0.25364583333333335 0.9215277777777777 0.04479166666666667 0.07824074074074074
11 0.76015625 0.7284722222222222 0.13802083333333334 0.1699074074074074
6 0.5489583333333333 0.8416666666666667 0.11666666666666667 0.2537037037037037
10 0.35104166666666664 0.7418981481481481 0.06041666666666667 0.12361111111111112
10 0.81484375 0.5078703703703704 0.06614583333333333 0.1175925925925926
7 0.5950520833333334 0.17962962962962964 0.11614583333333334 0.24444444444444444
9 0.7 0.15949074074074074 0.04895833333333333 0.08194444444444444
9 0.07421875 0.46574074074074073 0.05364583333333333 0.08888888888888889
0 0.30807291666666664 0.4101851851851852 0.0390625 0.21388888888888888
0 0.5825520833333333 0.5020833333333333 0.0328125 0.20416666666666666
8 0.46588541666666666 0.5719907407407407 0.059895833333333336 0.19675925925925927
