0 0.39557291666666666 0.36180555555555555 0.10989583333333333 0.1310185185185185
0 0.52265625 0.8231481481481482 0.09010416666666667 0.19166666666666668
1 0.8291666666666667 0.4652777777777778 0.04479166666666667 0.07407407407407407
6 0.5677083333333334 0.22268518518518518 0.09270833333333334 0.25555555555555554
3 0.76796875 0.5775462962962963 0.043229166666666666 0.07916666666666666
12 0.33098958333333334 0.8298611111111112 0.07239583333333334 0.11342592592592593
8 0.49713541666666666 0.49444444444444446 0.0984375 0.15185185185185185
9 0.15286458333333333 0.39652777777777776 0.05572916666666667 0.08194444444444444
7 0.22838541666666667 0.5340277777777778 0.10052083333333334 0.2569444444444444
7 0.71328125 0.34050925925925923 0.10989583333333333 0.2449074074074074
10 0.6401041666666667 0.5476851851851852 0.06458333333333334 0.12037037037037036
2 0.27369791666666665 0.23148148148148148 0.0859375 0.14722222222222223
2 0.39348958333333334 0.6328703703703704 0.0734375 0.12037037037037036
2 0.6669270833333333 0.7891203703703704 0.0828125 0.13935185185185187
