0 0.28984375 0.48564814814814816 0.06510416666666667 0.2037037037037037
0 0.5658854166666667 0.444212962962963 0.043229166666666666 0.2050925925925926
2 0.6739583333333333 0.2902777777777778 0.06666666666666667 0.12222222222222222
2 0.4270833333333333 0.34652777777777777 0.07708333333333334 0.1439814814814815
2 0.24427083333333333 0.7418981481481481 0.090625 0.15694444444444444
5 0.13828125 0.6129629629629629 0.04635416666666667 0.2351851851851852
6 0.5890625 0.7861111111111111 0.13229166666666667 0.22407407407407406
7 0.53046875 0.12939814814814815 0.12760416666666666 0.21712962962962962
8 0.4640625 0.5645833333333333 0.07291666666666667 0.19768518518518519
9 0.06848958333333334 0.6599537037037037 0.058854166666666666 0.08194444444444444
9 0.625 0.06226851851851852 0.04791666666666667 0.08657407407407407
10 0.7885416666666667 0.33611111111111114 0.06770833333333333 0.11574074074074074
10 0.38255208333333335 0.7881944444444444 0.06510416666666667 0.11712962962962963
11 0.76953125 0.5745370370370371 0.1453125 0.11018518518518519
12 0.35833333333333334 0.20532407407407408 0.06770833333333333 0.1162037037037037
