2 0.69140625 0.36921296296296297 0.06614583333333333 0.12083333333333333
2 0.4432291666666667 0.3486111111111111 0.07916666666666666 0.14814814814814814
2 0.22630208333333332 0.6796296296296296 0.09114583333333333 0.14907407407407408
5 0.13567708333333334 0.518287037037037 0.04635416666666667 0.22916666666666666
3 0.26901041666666664 0.9590277777777778 0.044270833333333336 0.0763888888888889
12 0.3888020833333333 0.18819444444444444 0.06614583333333333 0.10972222222222222
11 0.759375 0.6800925925925926 0.14166666666666666 0.15
0 0.5700520833333333 0.4877314814814815 0.0328125 0.2050925925925926
0 0.2955729166666667 0.4425925925925926 0.04635416666666667 0.20833333333333334
6 0.5598958333333334 0.830787037037037 0.12291666666666666 0.24583333333333332
8 0.4588541666666667 0.5775462962962963 0.06458333333333334 0.19768518518518519
9 0.6682291666666667 0.12800925925925927 0.04895833333333333 0.0837962962962963
9 0.06380208333333333 0.5439814814814815 0.05572916666666667 0.08888888888888889
10 0.35625 0.7675925925925926 0.0625 0.11944444444444445
10 0.8015625 0.45023148148148145 0.06666666666666667 0.11435185185185186
7 0.565625 0.16689814814814816 0.12291666666666666 0.23287037037037037
