2 0.6528645833333333 0.1425925925925926 0.08072916666666667 0.14907407407407408
2 0.5158854166666667 0.5585648148148148 0.0796875 0.14027777777777778
2 0.25885416666666666 0.6900462962962963 0.07708333333333334 0.14027777777777778
12 0.61015625 0.6988425925925926 0.0671875 0.12268518518518519
8 0.46328125 0.34791666666666665 0.0796875 0.19027777777777777
5 0.7622395833333333 0.23587962962962963 0.0671875 0.21898148148148147
11 0.1421875 0.4127314814814815 0.15729166666666666 0.09305555555555556
6 0.32395833333333335 0.1648148148148148 0.13645833333333332 0.2212962962962963
7 0.42630208333333336 0.8247685185185185 0.14739583333333334 0.20601851851851852
0 0.365625 0.49745370370370373 0.05625 0.2050925925925926
0 0.6361979166666667 0.3900462962962963 0.07760416666666667 0.1837962962962963
9 0.325 0.944675925925926 0.053125 0.09305555555555556
9 0.81953125 0.18055555555555555 0.05364583333333333 0.08703703703703704
10 0.12708333333333333 0.6726851851851852 0.078125 0.1175925925925926
10 0.5221354166666666 0.13171296296296298 0.06302083333333333 0.11527777777777778
