0 0.39453125 0.3696759259259259 0.1078125 0.12546296296296297
0 0.5203125 0.8293981481481482 0.09166666666666666 0.1875
1 0.8270833333333333 0.4722222222222222 0.04583333333333333 0.07407407407407407
6 0.5661458333333333 0.22662037037037036 0.09270833333333334 0.25787037037037036
3 0.7674479166666667 0.5847222222222223 0.044270833333333336 0.07407407407407407
12 0.32838541666666665 0.8405092592592592 0.07447916666666667 0.11342592592592593
8 0.4947916666666667 0.5025462962962963 0.09791666666666667 0.15231481481481482
9 0.15078125 0.4039351851851852 0.05677083333333333 0.08287037037037037
7 0.22708333333333333 0.5409722222222222 0.10208333333333333 0.2550925925925926
7 0.71171875 0.3456018518518518 0.10885416666666667 0.23472222222222222
10 0.6377604166666667 0.5537037037037037 0.06302083333333333 0.12222222222222222
2 0.27057291666666666 0.24282407407407408 0.08385416666666666 0.14583333333333334
2 0.390625 0.6402777777777777 0.07708333333333334 0.12129629629629629
2 0.6640625 0.7969907407407407 0.08333333333333333 0.13935185185185187
