2 0.7065104166666667 0.3988425925925926 0.07135416666666666 0.12453703703703704
2 0.2265625 0.6328703703703704 0.09166666666666666 0.14814814814814814
2 0.4578125 0.33912037037037035 0.08125 0.1449074074074074
12 0.4125 0.16944444444444445 0.065625 0.1037037037037037
5 0.14375 0.46087962962962964 0.057291666666666664 0.2310185185185185
3 0.25546875 0.9254629629629629 0.0453125 0.07962962962962963
11 0.7588541666666667 0.71875 0.13958333333333334 0.17175925925925925
6 0.5497395833333333 0.8379629629629629 0.1171875 0.25277777777777777
10 0.35104166666666664 0.7444444444444445 0.06145833333333333 0.11851851851851852
10 0.8127604166666667 0.4976851851851852 0.06822916666666666 0.11851851851851852
7 0.590625 0.17708333333333334 0.11979166666666667 0.2439814814814815
9 0.07135416666666666 0.475462962962963 0.05416666666666667 0.08796296296296297
9 0.6947916666666667 0.15300925925925926 0.05 0.08287037037037037
0 0.5802083333333333 0.49907407407407406 0.034375 0.20462962962962963
0 0.3059895833333333 0.4111111111111111 0.04010416666666667 0.2101851851851852
8 0.46432291666666664 0.5724537037037037 0.0609375 0.19768518518518519
