0 0.41510416666666666 0.3523148148148148 0.11666666666666667 0.07685185185185185
0 0.4552083333333333 0.8557870370370371 0.11041666666666666 0.14212962962962963
1 0.8143229166666667 0.6817129629629629 0.04739583333333333 0.07175925925925926
6 0.6020833333333333 0.3055555555555556 0.11875 0.23425925925925925
3 0.7356770833333334 0.7541666666666667 0.0421875 0.07314814814814814
12 0.27239583333333334 0.7576388888888889 0.06979166666666667 0.12546296296296297
8 0.4890625 0.5236111111111111 0.11145833333333334 0.13148148148148148
9 0.18359375 0.25763888888888886 0.050520833333333334 0.08842592592592592
7 0.22734375 0.42453703703703705 0.12552083333333333 0.2490740740740741
7 0.7216145833333333 0.4960648148148148 0.0828125 0.2300925925925926
10 0.6153645833333333 0.6548611111111111 0.0640625 0.11342592592592593
2 0.3216145833333333 0.1673611111111111 0.06927083333333334 0.12916666666666668
2 0.3651041666666667 0.6011574074074074 0.08229166666666667 0.13842592592592592
2 0.59765625 0.8979166666666667 0.0828125 0.1587962962962963
