0 0.39869791666666665 0.3696759259259259 0.11510416666666666 0.10601851851851851
0 0.48541666666666666 0.8574074074074074 0.1 0.1685185185185185
1 0.8213541666666667 0.5819444444444445 0.05 0.07407407407407407
6 0.57890625 0.27199074074074076 0.10260416666666666 0.2513888888888889
3 0.7515625 0.6756944444444445 0.04375 0.07175925925925926
12 0.2947916666666667 0.812037037037037 0.075 0.12129629629629629
8 0.48932291666666666 0.5247685185185185 0.10677083333333333 0.1412037037037037
9 0.15859375 0.3425925925925926 0.05572916666666667 0.08518518518518518
7 0.71484375 0.4284722222222222 0.09322916666666667 0.23657407407407408
7 0.21927083333333333 0.49699074074074073 0.115625 0.26157407407407407
10 0.6239583333333333 0.611574074074074 0.0625 0.11388888888888889
2 0.28932291666666665 0.21134259259259258 0.0796875 0.13842592592592592
2 0.3731770833333333 0.6324074074074074 0.0796875 0.13148148148148148
2 0.63125 0.8587962962962963 0.08229166666666667 0.15
