12 0.2669270833333333 0.3854166666666667 0.0453125 0.11342592592592593
11 0.7088541666666667 0.15763888888888888 0.125 0.15694444444444444
10 0.5286458333333334 0.7712962962962963 0.059375 0.11944444444444445
8 0.49921875 0.5078703703703704 0.10572916666666667 0.125
7 0.3731770833333333 0.12731481481481483 0.1296875 0.13055555555555556
7 0.66875 0.8178240740740741 0.12604166666666666 0.2337962962962963
6 0.66953125 0.5196759259259259 0.1390625 0.10138888888888889
0 0.34010416666666665 0.687962962962963 0.11979166666666667 0.09074074074074075
0 0.52421875 0.3087962962962963 0.10052083333333334 0.13425925925925927
2 0.53984375 0.0763888888888889 0.07864583333333333 0.15092592592592594
2 0.38671875 0.4083333333333333 0.0671875 0.13333333333333333
2 0.4114583333333333 0.9111111111111111 0.06145833333333333 0.13425925925925927
