2 0.74375 0.4625 0.0875 0.14722222222222223
2 0.521875 0.22407407407407406 0.075 0.1361111111111111
2 0.24296875 0.31296296296296294 0.0765625 0.12407407407407407
5 0.21328125 0.11203703703703703 0.0984375 0.20277777777777778
1 0.15989583333333332 0.7581018518518519 0.04895833333333333 0.07731481481481481
3 0.19401041666666666 0.5951388888888889 0.044270833333333336 0.07916666666666666
12 0.5213541666666667 0.031018518518518518 0.057291666666666664 0.06018518518518518
11 0.72109375 0.8085648148148148 0.11614583333333334 0.2449074074074074
0 0.3692708333333333 0.17916666666666667 0.04791666666666667 0.20833333333333334
0 0.5981770833333333 0.45902777777777776 0.06822916666666666 0.19953703703703704
6 0.48489583333333336 0.7449074074074075 0.07291666666666667 0.2574074074074074
8 0.4734375 0.4263888888888889 0.06666666666666667 0.19537037037037036
9 0.15078125 0.07268518518518519 0.0546875 0.08981481481481482
9 0.78984375 0.2310185185185185 0.049479166666666664 0.09074074074074075
10 0.32526041666666666 0.5020833333333333 0.07135416666666666 0.10972222222222222
10 0.82421875 0.6421296296296296 0.07552083333333333 0.10740740740740741
7 0.6838541666666667 0.17175925925925925 0.08854166666666667 0.25833333333333336
7 0.30625 0.762962962962963 0.14479166666666668 0.2212962962962963
