2 0.7028645833333333 0.39328703703703705 0.0703125 0.12361111111111112
2 0.4557291666666667 0.3386574074074074 0.08020833333333334 0.1439814814814815
2 0.225 0.6370370370370371 0.090625 0.14907407407407408
12 0.4083333333333333 0.17314814814814813 0.06666666666666667 0.10740740740740741
5 0.14166666666666666 0.4668981481481482 0.05520833333333333 0.22916666666666666
3 0.25625 0.9289351851851851 0.04479166666666667 0.07731481481481481
11 0.7572916666666667 0.7134259259259259 0.140625 0.1648148148148148
6 0.5502604166666667 0.8372685185185185 0.11822916666666666 0.24861111111111112
10 0.35052083333333334 0.7467592592592592 0.06145833333333333 0.11944444444444445
10 0.8109375 0.48865740740740743 0.06458333333333334 0.11435185185185186
7 0.5864583333333333 0.17430555555555555 0.11666666666666667 0.24212962962962964
9 0.68984375 0.14606481481481481 0.050520833333333334 0.08287037037037037
9 0.06901041666666667 0.4828703703703704 0.05572916666666667 0.08888888888888889
0 0.57734375 0.4960648148148148 0.0328125 0.20787037037037037
0 0.3033854166666667 0.4148148148148148 0.04010416666666667 0.20925925925925926
8 0.4622395833333333 0.5701388888888889 0.06197916666666667 0.20046296296296295
