0 0.5533854166666666 0.34652777777777777 0.06510416666666667 0.18935185185185185
0 0.2911458333333333 0.51875 0.090625 0.1726851851851852
2 0.6315104166666666 0.15393518518518517 0.07447916666666667 0.1439814814814815
2 0.40572916666666664 0.31689814814814815 0.06979166666666667 0.13657407407407407
2 0.2911458333333333 0.7768518518518519 0.08541666666666667 0.14814814814814814
5 0.16770833333333332 0.7087962962962963 0.07604166666666666 0.23055555555555557
6 0.6247395833333333 0.6541666666666667 0.14114583333333333 0.1787037037037037
7 0.5427083333333333 0.9127314814814815 0.1375 0.16898148148148148
7 0.4708333333333333 0.0798611111111111 0.13229166666666667 0.15601851851851853
8 0.4713541666666667 0.5043981481481481 0.08229166666666667 0.18194444444444444
9 0.10703125 0.7858796296296297 0.058854166666666666 0.08287037037037037
10 0.7447916666666666 0.14560185185185184 0.06666666666666667 0.10601851851851851
10 0.42942708333333335 0.7546296296296297 0.06614583333333333 0.1037037037037037
11 0.76171875 0.36574074074074076 0.14010416666666667 0.07037037037037037
12 0.3151041666666667 0.21064814814814814 0.06145833333333333 0.1175925925925926
