2 0.57578125 0.38657407407407407 0.08177083333333333 0.14907407407407408
2 0.5630208333333333 0.856712962962963 0.071875 0.12453703703703704
12 0.6716145833333333 0.29074074074074074 0.0609375 0.11388888888888889
3 0.24713541666666666 0.09537037037037037 0.0421875 0.07407407407407407
6 0.29296875 0.5701388888888889 0.14739583333333334 0.21435185185185185
10 0.34296875 0.2335648148148148 0.0671875 0.11342592592592593
7 0.20911458333333333 0.32175925925925924 0.0859375 0.2490740740740741
7 0.6864583333333333 0.6106481481481482 0.13958333333333334 0.2222222222222222
9 0.7153645833333333 0.8208333333333333 0.049479166666666664 0.09166666666666666
1 0.15911458333333334 0.12291666666666666 0.0453125 0.08194444444444444
0 0.521875 0.14074074074074075 0.11458333333333333 0.07777777777777778
0 0.49244791666666665 0.6150462962962963 0.1203125 0.06342592592592593
8 0.44296875 0.40625 0.11302083333333333 0.10787037037037037
