0 0.56328125 0.39837962962962964 0.0546875 0.19675925925925927
0 0.29140625 0.4960648148148148 0.07760416666666667 0.1884259259259259
2 0.2640625 0.75625 0.08645833333333333 0.15231481481481482
2 0.41901041666666666 0.33032407407407405 0.07552083333333333 0.14305555555555555
2 0.6588541666666666 0.22615740740740742 0.06979166666666667 0.12824074074074074
5 0.14973958333333334 0.6520833333333333 0.058854166666666666 0.23194444444444445
6 0.6059895833333333 0.7284722222222222 0.13802083333333334 0.2013888888888889
7 0.5067708333333333 0.09953703703703703 0.13020833333333334 0.1935185185185185
8 0.46901041666666665 0.538425925925926 0.07552083333333333 0.19074074074074074
9 0.08307291666666666 0.7122685185185185 0.058854166666666666 0.08009259259259259
10 0.77421875 0.2488425925925926 0.06822916666666666 0.1125
10 0.4041666666666667 0.775 0.065625 0.10833333333333334
11 0.76953125 0.48819444444444443 0.14427083333333332 0.08564814814814815
12 0.3411458333333333 0.20324074074074075 0.065625 0.12037037037037036
