0 0.40078125 0.3662037037037037 0.11510416666666666 0.09907407407407408
0 0.48098958333333336 0.8625 0.1046875 0.1648148148148148
1 0.82109375 0.6018518518518519 0.04739583333333333 0.07407407407407407
6 0.5841145833333333 0.2789351851851852 0.1078125 0.24212962962962964
3 0.7494791666666667 0.6905092592592592 0.042708333333333334 0.07361111111111111
12 0.28932291666666665 0.8050925925925926 0.07447916666666667 0.12129629629629629
8 0.48802083333333335 0.5233796296296296 0.10833333333333334 0.14212962962962963
9 0.16328125 0.3263888888888889 0.05572916666666667 0.08796296296296297
7 0.2203125 0.4837962962962963 0.11770833333333333 0.2564814814814815
7 0.7166666666666667 0.44189814814814815 0.09375 0.2337962962962963
10 0.62265625 0.6215277777777778 0.059895833333333336 0.11527777777777778
2 0.2950520833333333 0.20347222222222222 0.08072916666666667 0.1300925925925926
2 0.37265625 0.6319444444444444 0.0828125 0.13425925925925927
2 0.6252604166666667 0.8706018518518519 0.08489583333333334 0.15231481481481482
