6 0.5854166666666667 0.7962962962962963 0.13333333333333333 0.22407407407407406
0 0.28984375 0.48680555555555555 0.06197916666666667 0.20324074074074075
0 0.5653645833333333 0.4525462962962963 0.043229166666666666 0.20416666666666666
2 0.42734375 0.3509259259259259 0.0765625 0.14074074074074075
2 0.6760416666666667 0.30162037037037037 0.06666666666666667 0.12175925925925926
2 0.2421875 0.7418981481481481 0.09166666666666666 0.15138888888888888
5 0.13671875 0.6104166666666667 0.043229166666666666 0.2337962962962963
7 0.5330729166666667 0.13587962962962963 0.12864583333333332 0.21805555555555556
8 0.46328125 0.5719907407407407 0.07239583333333334 0.1986111111111111
9 0.06614583333333333 0.6548611111111111 0.059375 0.0837962962962963
9 0.6291666666666667 0.07106481481481482 0.046875 0.08472222222222223
10 0.790625 0.350462962962963 0.06979166666666667 0.11666666666666667
10 0.37994791666666666 0.794212962962963 0.06614583333333333 0.11712962962962963
11 0.7700520833333333 0.5898148148148148 0.1453125 0.11388888888888889
12 0.359375 0.20925925925925926 0.06666666666666667 0.11481481481481481
