0 0.33098958333333334 0.6451388888888889 0.11614583333333334 0.11157407407407408
0 0.5411458333333333 0.31180555555555556 0.09479166666666666 0.15416666666666667
2 0.39765625 0.37916666666666665 0.059895833333333336 0.12037037037037036
2 0.5734375 0.08425925925925926 0.07708333333333334 0.14722222222222223
2 0.38619791666666664 0.8835648148148149 0.06614583333333333 0.12453703703703704
5 0.2526041666666667 0.8962962962962963 0.11041666666666666 0.19722222222222222
6 0.6692708333333334 0.5532407407407407 0.13645833333333332 0.10925925925925926
7 0.4046875 0.10069444444444445 0.12708333333333333 0.1162037037037037
7 0.65 0.850462962962963 0.13229166666666667 0.2222222222222222
8 0.5005208333333333 0.5048611111111111 0.1 0.14305555555555555
10 0.5122395833333333 0.7733796296296296 0.059895833333333336 0.11527777777777778
11 0.7354166666666667 0.2 0.13229166666666667 0.13518518518518519
12 0.28072916666666664 0.33032407407407405 0.053125 0.11527777777777778
