0 0.3958333333333333 0.3613425925925926 0.10729166666666666 0.1300925925925926
0 0.5239583333333333 0.81875 0.08958333333333333 0.1884259259259259
1 0.8299479166666667 0.45787037037037037 0.0453125 0.07314814814814814
6 0.5666666666666667 0.2175925925925926 0.09166666666666666 0.2574074074074074
3 0.7692708333333333 0.5710648148148149 0.046875 0.07824074074074074
12 0.33177083333333335 0.8296296296296296 0.075 0.11574074074074074
8 0.496875 0.49027777777777776 0.09895833333333333 0.15092592592592594
9 0.15260416666666668 0.39652777777777776 0.058333333333333334 0.08194444444444444
7 0.22916666666666666 0.5305555555555556 0.10208333333333333 0.2537037037037037
7 0.7143229166666667 0.3326388888888889 0.10885416666666667 0.2412037037037037
10 0.63984375 0.5409722222222222 0.06510416666666667 0.12268518518518519
2 0.2716145833333333 0.2324074074074074 0.08072916666666667 0.15092592592592594
2 0.39401041666666664 0.63125 0.0734375 0.12175925925925926
2 0.6671875 0.7814814814814814 0.08333333333333333 0.13518518518518519
