2 0.5723958333333333 0.37453703703703706 0.07395833333333333 0.14537037037037037
2 0.4484375 0.788425925925926 0.084375 0.14907407407407408
12 0.6846354166666667 0.35671296296296295 0.04739583333333333 0.11342592592592593
11 0.2515625 0.7606481481481482 0.13854166666666667 0.21203703703703702
6 0.27395833333333336 0.3425925925925926 0.14583333333333334 0.15
10 0.39921875 0.08055555555555556 0.0609375 0.1175925925925926
10 0.3497395833333333 0.9395833333333333 0.06614583333333333 0.1125
7 0.6223958333333334 0.6581018518518519 0.14583333333333334 0.15694444444444444
9 0.5979166666666667 0.8719907407407408 0.051041666666666666 0.0837962962962963
0 0.4440104166666667 0.5261574074074075 0.1171875 0.1087962962962963
0 0.5817708333333333 0.12384259259259259 0.115625 0.06805555555555555
8 0.4473958333333333 0.3050925925925926 0.109375 0.11666666666666667
