12 0.30442708333333335 0.2023148148148148 0.0609375 0.11666666666666667
11 0.7567708333333333 0.3449074074074074 0.140625 0.07222222222222222
10 0.7375 0.13032407407407406 0.06666666666666667 0.10694444444444444
10 0.43385416666666665 0.7472222222222222 0.06354166666666666 0.10462962962962963
9 0.11328125 0.7902777777777777 0.0578125 0.07962962962962963
8 0.46979166666666666 0.49444444444444446 0.08333333333333333 0.17777777777777778
7 0.46458333333333335 0.07546296296296297 0.13020833333333334 0.14722222222222223
7 0.5471354166666667 0.9027777777777778 0.1359375 0.17685185185185184
6 0.6260416666666667 0.6381944444444444 0.140625 0.1726851851851852
5 0.17239583333333333 0.7106481481481481 0.078125 0.22685185185185186
2 0.2955729166666667 0.7729166666666667 0.08489583333333334 0.1476851851851852
2 0.40286458333333336 0.31342592592592594 0.06927083333333334 0.13518518518518519
2 0.6247395833333333 0.14166666666666666 0.0765625 0.14074074074074075
0 0.2908854166666667 0.5196759259259259 0.0953125 0.16712962962962963
0 0.5497395833333333 0.33611111111111114 0.06822916666666666 0.18888888888888888
