2 0.5731770833333333 0.39189814814814816 0.0828125 0.15046296296296297
2 0.5434895833333333 0.8608796296296296 0.07447916666666667 0.12638888888888888
12 0.6721354166666667 0.30694444444444446 0.058854166666666666 0.11851851851851852
3 0.25546875 0.0699074074074074 0.043229166666666666 0.075
6 0.28541666666666665 0.5444444444444444 0.15 0.2101851851851852
10 0.34713541666666664 0.21412037037037038 0.06822916666666666 0.1125
7 0.2109375 0.2881944444444444 0.09583333333333334 0.25046296296296294
7 0.6760416666666667 0.6284722222222222 0.14166666666666666 0.21805555555555556
9 0.6973958333333333 0.8416666666666667 0.051041666666666666 0.08981481481481482
1 0.16614583333333333 0.08726851851851852 0.04583333333333333 0.07824074074074074
0 0.5278645833333333 0.1398148148148148 0.11302083333333333 0.07222222222222222
0 0.4822916666666667 0.6138888888888889 0.11979166666666667 0.06111111111111111
8 0.43984375 0.3958333333333333 0.1140625 0.10648148148148148
