2 0.57734375 0.3770833333333333 0.0828125 0.1476851851851852
2 0.58359375 0.8449074074074074 0.0703125 0.11666666666666667
12 0.66875 0.2689814814814815 0.0625 0.1175925925925926
3 0.23619791666666667 0.12546296296296297 0.043229166666666666 0.07685185185185185
6 0.30182291666666666 0.5953703703703703 0.1453125 0.225
10 0.33880208333333334 0.2502314814814815 0.0671875 0.11527777777777778
7 0.6966145833333334 0.5872685185185185 0.13489583333333333 0.23287037037037037
7 0.20807291666666666 0.3548611111111111 0.07864583333333333 0.24583333333333332
9 0.7333333333333333 0.7921296296296296 0.051041666666666666 0.08981481481481482
1 0.14713541666666666 0.16180555555555556 0.044270833333333336 0.07916666666666666
0 0.5033854166666667 0.612037037037037 0.12135416666666667 0.06296296296296296
0 0.51328125 0.1398148148148148 0.11302083333333333 0.08981481481481482
8 0.44609375 0.4115740740740741 0.1140625 0.11851851851851852
