2 0.4981770833333333 0.3247685185185185 0.0734375 0.13194444444444445
2 0.23072916666666668 0.4356481481481482 0.07708333333333334 0.11944444444444445
2 0.715625 0.5405092592592593 0.084375 0.13935185185185187
3 0.1953125 0.7162037037037037 0.04479166666666667 0.07222222222222222
5 0.19401041666666666 0.2324074074074074 0.0921875 0.20833333333333334
7 0.653125 0.256712962962963 0.08645833333333333 0.24305555555555555
6 0.475 0.8375 0.07291666666666667 0.2518518518518518
12 0.4921875 0.13518518518518519 0.05416666666666667 0.07314814814814814
11 0.7005208333333334 0.8706018518518519 0.1125 0.2310185185185185
10 0.31692708333333336 0.6168981481481481 0.06822916666666666 0.1087962962962963
10 0.7953125 0.7060185185185185 0.07083333333333333 0.10462962962962963
9 0.75703125 0.30694444444444446 0.04739583333333333 0.09074074074074075
9 0.12994791666666666 0.2 0.0546875 0.08796296296296297
0 0.34921875 0.29189814814814813 0.043229166666666666 0.2023148148148148
7 0.30755208333333334 0.8712962962962963 0.14010416666666667 0.20833333333333334
1 0.16927083333333334 0.8756944444444444 0.046875 0.07916666666666666
0 0.5763020833333333 0.5472222222222223 0.06197916666666667 0.19444444444444445
8 0.45755208333333336 0.5331018518518519 0.0640625 0.1912037037037037
