2 0.30911458333333336 0.12777777777777777 0.08385416666666666 0.14722222222222223
2 0.5684895833333333 0.3050925925925926 0.07552083333333333 0.13425925925925927
2 0.6841145833333333 0.7289351851851852 0.08802083333333334 0.13935185185185187
12 0.62421875 0.15300925925925926 0.06927083333333334 0.1125
3 0.18776041666666668 0.3138888888888889 0.044270833333333336 0.0787037037037037
6 0.36822916666666666 0.705787037037037 0.11041666666666666 0.2625
10 0.31744791666666666 0.35833333333333334 0.0640625 0.11851851851851852
7 0.22161458333333334 0.5537037037037037 0.1015625 0.25462962962962965
7 0.7247395833333333 0.41064814814814815 0.0984375 0.2564814814814815
9 0.8044270833333333 0.5719907407407407 0.05572916666666667 0.08009259259259259
1 0.11119791666666666 0.4136574074074074 0.0484375 0.07916666666666666
0 0.45026041666666666 0.12152777777777778 0.09322916666666667 0.16805555555555557
0 0.559375 0.575462962962963 0.115625 0.1361111111111111
8 0.45989583333333334 0.4219907407407407 0.10416666666666667 0.15138888888888888
