2 0.62109375 0.07546296296296297 0.07760416666666667 0.14722222222222223
2 0.28671875 0.7171296296296297 0.08385416666666666 0.15092592592592594
2 0.5268229166666667 0.5138888888888888 0.07135416666666666 0.13518518518518519
12 0.6265625 0.6194444444444445 0.06145833333333333 0.11944444444444445
8 0.45807291666666666 0.3266203703703704 0.0828125 0.1837962962962963
5 0.7356770833333334 0.13171296296296298 0.08385416666666666 0.21435185185185185
11 0.14661458333333333 0.4900462962962963 0.15677083333333333 0.0837962962962963
6 0.30104166666666665 0.18425925925925926 0.14375 0.1962962962962963
7 0.46536458333333336 0.7997685185185185 0.14322916666666666 0.1699074074074074
0 0.37421875 0.4986111111111111 0.07239583333333334 0.19166666666666668
0 0.6286458333333333 0.3148148148148148 0.09166666666666666 0.16018518518518518
9 0.37552083333333336 0.9456018518518519 0.04791666666666667 0.09490740740740741
9 0.78671875 0.06597222222222222 0.050520833333333334 0.08287037037037037
10 0.15625 0.7398148148148148 0.08020833333333334 0.10925925925925926
10 0.4908854166666667 0.09375 0.06614583333333333 0.10694444444444444
