0 0.3919270833333333 0.3574074074074074 0.0953125 0.1537037037037037
0 0.5669270833333333 0.7581018518518519 0.07135416666666666 0.19953703703703704
1 0.8239583333333333 0.31157407407407406 0.04375 0.07407407407407407
6 0.5434895833333333 0.16342592592592592 0.06927083333333334 0.2537037037037037
3 0.7765625 0.44166666666666665 0.04583333333333333 0.07592592592592592
12 0.3807291666666667 0.8342592592592593 0.06979166666666667 0.10462962962962963
8 0.5036458333333333 0.4460648148148148 0.08645833333333333 0.17175925925925925
9 0.15677083333333333 0.47337962962962965 0.05520833333333333 0.0837962962962963
7 0.24921875 0.5789351851851852 0.0796875 0.24768518518518517
7 0.6997395833333333 0.22800925925925927 0.12135416666666667 0.23657407407407408
5 0.7028645833333333 0.9071759259259259 0.11510416666666666 0.17731481481481481
10 0.22239583333333332 0.08101851851851852 0.06770833333333333 0.12222222222222222
10 0.65078125 0.4537037037037037 0.06510416666666667 0.12314814814814815
2 0.2557291666666667 0.26944444444444443 0.090625 0.14444444444444443
2 0.4197916666666667 0.6189814814814815 0.06666666666666667 0.10277777777777777
2 0.7013020833333333 0.6763888888888889 0.07447916666666667 0.11851851851851852
