2 0.4393229166666667 0.7819444444444444 0.08489583333333334 0.15185185185185185
2 0.5744791666666667 0.3800925925925926 0.07395833333333333 0.14444444444444443
12 0.6869791666666667 0.3701388888888889 0.042708333333333334 0.1125
11 0.24375 0.7354166666666667 0.14375 0.2013888888888889
6 0.27838541666666666 0.3178240740740741 0.1453125 0.1439814814814815
10 0.41067708333333336 0.06759259259259259 0.059895833333333336 0.12129629629629629
10 0.33515625 0.930324074074074 0.0671875 0.12731481481481483
7 0.6151041666666667 0.6648148148148149 0.14479166666666668 0.14722222222222223
9 0.5859375 0.8793981481481481 0.051041666666666666 0.08287037037037037
0 0.5932291666666667 0.12731481481481483 0.115625 0.07314814814814814
0 0.44192708333333336 0.5164351851851852 0.11302083333333333 0.1125
8 0.45286458333333335 0.2972222222222222 0.1078125 0.12037037037037036
