7 0.40911458333333334 0.09675925925925925 0.12552083333333333 0.12222222222222222
0 0.3302083333333333 0.6372685185185185 0.11666666666666667 0.11712962962962963
0 0.5427083333333333 0.31342592592592594 0.09375 0.15925925925925927
2 0.578125 0.08796296296296297 0.07916666666666666 0.15
2 0.39921875 0.37407407407407406 0.059895833333333336 0.12222222222222222
2 0.3807291666666667 0.8793981481481481 0.06666666666666667 0.12824074074074074
5 0.25026041666666665 0.8914351851851852 0.1078125 0.20694444444444443
6 0.66953125 0.5590277777777778 0.13489583333333333 0.11157407407407408
7 0.6455729166666667 0.8543981481481482 0.13489583333333333 0.22175925925925927
8 0.5005208333333333 0.5060185185185185 0.1 0.14537037037037037
10 0.5098958333333333 0.7715277777777778 0.06145833333333333 0.11527777777777778
11 0.7393229166666667 0.20833333333333334 0.1328125 0.1287037037037037
12 0.2833333333333333 0.32037037037037036 0.051041666666666666 0.11574074074074074
