2 0.27109375 0.22060185185185185 0.0765625 0.12731481481481483
2 0.55234375 0.26064814814814813 0.06822916666666666 0.11851851851851852
2 0.7330729166666666 0.5967592592592592 0.09322916666666667 0.15092592592592594
0 0.4078125 0.1451388888888889 0.06979166666666667 0.1912037037037037
0 0.5895833333333333 0.5231481481481481 0.09270833333333334 0.17407407407407408
1 0.128125 0.6055555555555555 0.04791666666666667 0.07592592592592592
3 0.18385416666666668 0.46782407407407406 0.04583333333333333 0.07916666666666666
8 0.47265625 0.42777777777777776 0.08697916666666666 0.18055555555555555
6 0.4328125 0.74375 0.07083333333333333 0.25787037037037036
12 0.5802083333333333 0.06967592592592593 0.0625 0.09398148148148149
9 0.8161458333333333 0.3907407407407407 0.05416666666666667 0.08888888888888889
7 0.7171875 0.28078703703703706 0.06145833333333333 0.2513888888888889
7 0.2630208333333333 0.6791666666666667 0.12916666666666668 0.24444444444444444
10 0.7856770833333333 0.812037037037037 0.07552083333333333 0.12314814814814815
10 0.3216145833333333 0.4398148148148148 0.0703125 0.1175925925925926
