2 0.32916666666666666 0.07893518518518519 0.08229166666666667 0.15231481481481482
2 0.5703125 0.3159722222222222 0.07604166666666666 0.14583333333333334
2 0.6518229166666667 0.7590277777777777 0.08489583333333334 0.1300925925925926
12 0.64140625 0.17037037037037037 0.06822916666666666 0.12314814814814815
3 0.19401041666666666 0.23287037037037037 0.0453125 0.07685185185185185
6 0.3416666666666667 0.6578703703703703 0.12604166666666666 0.25555555555555554
10 0.3182291666666667 0.3050925925925926 0.06458333333333334 0.11851851851851852
7 0.20911458333333333 0.47129629629629627 0.08489583333333334 0.25555555555555554
7 0.7171875 0.4550925925925926 0.11145833333333334 0.25092592592592594
9 0.7828125 0.6326388888888889 0.05625 0.08472222222222223
1 0.1125 0.31157407407407406 0.04895833333333333 0.07407407407407407
0 0.47109375 0.11041666666666666 0.1046875 0.14027777777777778
0 0.5395833333333333 0.5784722222222223 0.11979166666666667 0.1087962962962963
8 0.45260416666666664 0.40370370370370373 0.10833333333333334 0.13796296296296295
