0 0.56171875 0.9002314814814815 0.09947916666666666 0.1625
1 0.75078125 0.6314814814814815 0.04114583333333333 0.07685185185185185
2 0.8013020833333333 0.40694444444444444 0.0890625 0.14814814814814814
2 0.61015625 0.6104166666666667 0.08177083333333333 0.1337962962962963
2 0.30234375 0.6356481481481482 0.08177083333333333 0.1388888888888889
3 0.39765625 0.4219907407407407 0.04010416666666667 0.07083333333333333
4 0.2552083333333333 0.3400462962962963 0.034375 0.22824074074074074
5 0.6221354166666667 0.15324074074074073 0.1234375 0.09444444444444444
7 0.5622395833333333 0.34629629629629627 0.1296875 0.13333333333333333
8 0.44635416666666666 0.6743055555555556 0.10833333333333334 0.1337962962962963
9 0.39609375 0.22824074074074074 0.04635416666666667 0.08611111111111111
10 0.7494791666666667 0.8710648148148148 0.071875 0.1162037037037037
11 0.38697916666666665 0.06666666666666667 0.134375 0.0824074074074074
