0 0.49895833333333334 0.93125 0.1125 0.13564814814814816
1 0.7153645833333333 0.7300925925925926 0.04010416666666667 0.075
2 0.7885416666666667 0.5268518518518519 0.0875 0.14907407407407408
2 0.57734375 0.662962962962963 0.07864583333333333 0.12962962962962962
2 0.2747395833333333 0.5837962962962963 0.08697916666666666 0.14629629629629629
3 0.3885416666666667 0.4009259259259259 0.041666666666666664 0.07407407407407407
4 0.25755208333333335 0.27175925925925926 0.05260416666666667 0.22314814814814815
5 0.6411458333333333 0.21203703703703702 0.12291666666666666 0.13055555555555556
7 0.5583333333333333 0.3861111111111111 0.13229166666666667 0.1675925925925926
8 0.40989583333333335 0.6726851851851852 0.103125 0.15092592592592594
9 0.40729166666666666 0.2152777777777778 0.04583333333333333 0.09166666666666666
11 0.41796875 0.06111111111111111 0.13489583333333333 0.07685185185185185
