0 0.5807291666666666 0.9018518518518519 0.09270833333333334 0.17592592592592593
1 0.75625 0.6085648148148148 0.042708333333333334 0.07175925925925926
2 0.796875 0.38333333333333336 0.08854166666666667 0.14629629629629629
2 0.6169270833333333 0.6046296296296296 0.0828125 0.14074074074074075
2 0.31197916666666664 0.6715277777777777 0.084375 0.13657407407407407
3 0.396875 0.44513888888888886 0.040625 0.07175925925925926
4 0.25104166666666666 0.37962962962962965 0.03854166666666667 0.225
5 0.61015625 0.14675925925925926 0.1234375 0.08425925925925926
7 0.5578125 0.34930555555555554 0.128125 0.12731481481481483
8 0.45390625 0.6886574074074074 0.11197916666666667 0.12916666666666668
9 0.3880208333333333 0.2537037037037037 0.04583333333333333 0.09259259259259259
10 0.7666666666666667 0.8472222222222222 0.06979166666666667 0.11203703703703703
11 0.37395833333333334 0.09351851851851851 0.13645833333333332 0.0962962962962963
