0 0.635546875 0.8657407407407407 0.07005208333333333 0.19537037037037036
1 0.7604166666666666 0.5048611111111111 0.0453125 0.0699074074074074
2 0.7682291666666666 0.26944444444444443 0.08020833333333334 0.13425925925925927
2 0.6294270833333333 0.5618055555555556 0.08020833333333334 0.14027777777777778
2 0.34205729166666665 0.7625 0.07369791666666667 0.11574074074074074
3 0.3938802083333333 0.49907407407407406 0.03984375 0.07407407407407407
4 0.24088541666666666 0.5060185185185185 0.0671875 0.2222222222222222
5 0.557421875 0.1259259259259259 0.12005208333333334 0.07962962962962963
7 0.53828125 0.33958333333333335 0.12604166666666666 0.1125
8 0.48333333333333334 0.7087962962962963 0.1109375 0.11018518518518519
9 0.35651041666666666 0.3138888888888889 0.046875 0.08888888888888889
10 0.803515625 0.7275462962962963 0.06796875 0.1162037037037037
11 0.32317708333333334 0.16782407407407407 0.13177083333333334 0.1439814814814815
