0 0.7165364583333333 0.6136574074074074 0.03828125 0.2162037037037037
1 0.6881510416666666 0.20092592592592592 0.04140625 0.07222222222222222
2 0.6095052083333333 0.3888888888888889 0.06067708333333333 0.11851851851851852
2 0.455859375 0.8622685185185185 0.08203125 0.15138888888888888
3 0.40260416666666665 0.6016203703703704 0.0421875 0.08009259259259259
4 0.2811197916666667 0.7828703703703703 0.12213541666666666 0.16018518518518518
5 0.3953125 0.11782407407407407 0.10260416666666666 0.1884259259259259
7 0.46145833333333336 0.3138888888888889 0.1265625 0.225
8 0.5514322916666666 0.6548611111111111 0.10494791666666667 0.14305555555555555
9 0.30625 0.4965277777777778 0.049479166666666664 0.09675925925925925
10 0.795703125 0.3277777777777778 0.07369791666666667 0.11666666666666667
11 0.225390625 0.41759259259259257 0.08828125 0.2388888888888889
