1 0.30833333333333335 0.05138888888888889 0.04635416666666667 0.0787037037037037
2 0.19401041666666666 0.17430555555555555 0.078125 0.1449074074074074
2 0.42213541666666665 0.18356481481481482 0.0640625 0.1125
2 0.68671875 0.4393518518518518 0.08489583333333334 0.14629629629629629
3 0.5486979166666667 0.5439814814814815 0.0390625 0.06944444444444445
4 0.650390625 0.7462962962962963 0.08359375 0.2175925925925926
5 0.26067708333333334 0.5724537037037037 0.11354166666666667 0.1837962962962963
7 0.3854166666666667 0.44675925925925924 0.128125 0.22592592592592592
8 0.575 0.27685185185185185 0.08229166666666667 0.1685185185185185
9 0.4953125 0.71875 0.04895833333333333 0.07916666666666666
11 0.449609375 0.8696759259259259 0.14036458333333332 0.15231481481481482
