0 0.30690104166666665 0.24097222222222223 0.03984375 0.20324074074074075
1 0.25885416666666666 0.6525462962962963 0.0421875 0.07268518518518519
2 0.37252604166666664 0.4960648148148148 0.07317708333333334 0.13287037037037036
2 0.2981770833333333 0.8856481481481482 0.0734375 0.12037037037037036
2 0.5845052083333333 0.13773148148148148 0.07421875 0.1310185185185185
3 0.599609375 0.3923611111111111 0.04192708333333333 0.08009259259259259
4 0.7360677083333333 0.28726851851851853 0.10494791666666667 0.1837962962962963
5 0.5376302083333333 0.8763888888888889 0.12473958333333333 0.1638888888888889
7 0.505859375 0.6368055555555555 0.13463541666666667 0.1875
8 0.47434895833333335 0.26851851851851855 0.10494791666666667 0.10648148148148148
9 0.6770833333333334 0.5331018518518519 0.0484375 0.08101851851851852
10 0.17838541666666666 0.4673611111111111 0.0703125 0.11527777777777778
11 0.74453125 0.6506944444444445 0.11041666666666666 0.2152777777777778
