0 0.57109375 0.9060185185185186 0.0984375 0.16574074074074074
1 0.7541666666666667 0.625 0.04375 0.07592592592592592
2 0.8020833333333334 0.4027777777777778 0.08958333333333333 0.15
2 0.6145833333333334 0.612037037037037 0.08020833333333334 0.1388888888888889
2 0.3078125 0.6516203703703703 0.08229166666666667 0.1337962962962963
3 0.3997395833333333 0.4337962962962963 0.04010416666666667 0.07222222222222222
4 0.2557291666666667 0.35810185185185184 0.035416666666666666 0.2273148148148148
5 0.6197916666666666 0.1550925925925926 0.12291666666666666 0.09444444444444444
7 0.5622395833333333 0.3537037037037037 0.12864583333333332 0.13148148148148148
8 0.4510416666666667 0.6814814814814815 0.109375 0.12962962962962962
9 0.39453125 0.24004629629629629 0.04635416666666667 0.0912037037037037
10 0.7578125 0.8689814814814815 0.07083333333333333 0.11203703703703703
11 0.3848958333333333 0.07962962962962963 0.13333333333333333 0.08981481481481482
