0 0.325 0.19236111111111112 0.057291666666666664 0.2013888888888889
1 0.228125 0.575 0.042708333333333334 0.07314814814814814
2 0.23723958333333334 0.819212962962963 0.08072916666666667 0.12731481481481483
2 0.3572916666666667 0.46875 0.078125 0.14583333333333334
2 0.6122395833333333 0.19375 0.06822916666666666 0.1162037037037037
3 0.59375 0.456712962962963 0.03958333333333333 0.07083333333333333
4 0.74140625 0.4023148148148148 0.0890625 0.20833333333333334
5 0.4705729166666667 0.9074074074074074 0.12864583333333332 0.11944444444444445
7 0.4703125 0.6581018518518519 0.134375 0.15324074074074073
8 0.4864583333333333 0.2824074074074074 0.10833333333333334 0.10277777777777777
9 0.65234375 0.6289351851851852 0.04739583333333333 0.08194444444444444
10 0.17317708333333334 0.3659722222222222 0.06614583333333333 0.11712962962962963
11 0.70390625 0.775 0.12552083333333333 0.18888888888888888
