0 0.6924479166666667 0.7157407407407408 0.03697916666666667 0.2111111111111111
1 0.7376302083333334 0.30439814814814814 0.04244791666666667 0.06620370370370371
2 0.697265625 0.08703703703703704 0.06744791666666666 0.11851851851851852
2 0.627734375 0.4393518518518518 0.07369791666666667 0.13240740740740742
2 0.39934895833333334 0.8048611111111111 0.07421875 0.12731481481481483
3 0.39479166666666665 0.5310185185185186 0.041666666666666664 0.075
4 0.24921875 0.6303240740740741 0.1 0.1986111111111111
5 0.4752604166666667 0.07708333333333334 0.11927083333333334 0.1439814814814815
7 0.4979166666666667 0.28912037037037036 0.13020833333333334 0.1736111111111111
8 0.5229166666666667 0.6648148148148149 0.109375 0.10925925925925926
9 0.321875 0.3800925925925926 0.05260416666666667 0.08518518518518518
10 0.8165364583333333 0.48726851851851855 0.07005208333333333 0.10972222222222222
11 0.2615885416666667 0.25810185185185186 0.11536458333333334 0.20046296296296295
