0 0.35260416666666666 0.8546296296296296 0.12395833333333334 0.06851851851851852
1 0.5963541666666666 0.8895833333333333 0.041666666666666664 0.07731481481481481
2 0.5002604166666667 0.6990740740740741 0.0734375 0.12129629629629629
2 0.72109375 0.7898148148148149 0.0765625 0.13240740740740742
2 0.2713541666666667 0.34791666666666665 0.07708333333333334 0.1449074074074074
3 0.42109375 0.30324074074074076 0.04114583333333333 0.07407407407407407
4 0.3515625 0.08935185185185185 0.1 0.1787037037037037
5 0.68984375 0.381712962962963 0.0984375 0.20879629629629629
7 0.5661458333333333 0.44907407407407407 0.1125 0.23055555555555557
8 0.36041666666666666 0.5361111111111111 0.06979166666666667 0.1962962962962963
9 0.4940104166666667 0.16805555555555557 0.04635416666666667 0.08981481481481482
