1 0.23111979166666666 0.26342592592592595 0.04140625 0.07314814814814814
2 0.16627604166666668 0.48518518518518516 0.09453125 0.1527777777777778
2 0.37109375 0.2775462962962963 0.08229166666666667 0.1439814814814815
2 0.6697916666666667 0.24930555555555556 0.084375 0.13935185185185187
3 0.5858072916666667 0.46296296296296297 0.04140625 0.06944444444444445
4 0.73203125 0.5398148148148149 0.0453125 0.22314814814814815
5 0.35494791666666664 0.7592592592592593 0.13072916666666667 0.08703703703703704
7 0.4217447916666667 0.5365740740740741 0.13307291666666668 0.13703703703703704
8 0.5345052083333334 0.20925925925925926 0.10651041666666666 0.13240740740740742
9 0.5958333333333333 0.6657407407407407 0.04635416666666667 0.08981481481481482
11 0.6052083333333333 0.8479166666666667 0.14166666666666666 0.09490740740740741
