0 0.6143229166666667 0.08148148148148149 0.11666666666666667 0.07777777777777778
2 0.46315104166666665 0.16921296296296295 0.07578125 0.1310185185185185
2 0.6623697916666667 0.5724537037037037 0.07161458333333333 0.1300925925925926
3 0.511328125 0.5863425925925926 0.04296875 0.08101851851851852
4 0.5651041666666666 0.8460648148148148 0.1109375 0.18564814814814815
5 0.23893229166666666 0.4372685185185185 0.08515625 0.22083333333333333
7 0.37591145833333334 0.3923611111111111 0.10078125 0.24212962962962964
8 0.58984375 0.3592592592592593 0.06354166666666666 0.19166666666666668
9 0.42473958333333334 0.7157407407407408 0.04635416666666667 0.08518518518518518
11 0.34856770833333334 0.836574074074074 0.12005208333333334 0.21851851851851853
