0 0.5763020833333333 0.9043981481481481 0.09427083333333333 0.16620370370370371
1 0.7567708333333333 0.6196759259259259 0.04375 0.0763888888888889
2 0.8005208333333333 0.3921296296296296 0.08854166666666667 0.1425925925925926
2 0.6158854166666666 0.6087962962962963 0.0828125 0.14074074074074075
2 0.3104166666666667 0.6601851851851852 0.08333333333333333 0.13240740740740742
3 0.39895833333333336 0.4361111111111111 0.03854166666666667 0.075
4 0.2552083333333333 0.36574074074074076 0.0375 0.22407407407407406
5 0.6166666666666667 0.15092592592592594 0.12291666666666666 0.08425925925925926
7 0.5614583333333333 0.3488425925925926 0.13020833333333334 0.12824074074074074
8 0.45338541666666665 0.6833333333333333 0.10885416666666667 0.12962962962962962
9 0.3927083333333333 0.24259259259259258 0.04375 0.09074074074074075
10 0.7609375 0.8583333333333333 0.07083333333333333 0.1111111111111111
11 0.3807291666666667 0.08101851851851852 0.13333333333333333 0.09444444444444444
