0 0.720703125 0.5833333333333334 0.04088541666666667 0.2212962962962963
1 0.673828125 0.18125 0.04505208333333333 0.08009259259259259
2 0.6059895833333333 0.37939814814814815 0.06354166666666666 0.12731481481481483
2 0.4744791666666667 0.8736111111111111 0.08541666666666667 0.15
3 0.41067708333333336 0.6208333333333333 0.043229166666666666 0.07314814814814814
4 0.29609375 0.8145833333333333 0.12708333333333333 0.14212962962962963
5 0.3796875 0.1412037037037037 0.0953125 0.19907407407407407
7 0.453515625 0.32314814814814813 0.11901041666666666 0.22592592592592592
8 0.5615885416666667 0.6546296296296297 0.10078125 0.14814814814814814
9 0.3072916666666667 0.5291666666666667 0.049479166666666664 0.08888888888888889
10 0.7865885416666667 0.2898148148148148 0.07057291666666667 0.12314814814814815
11 0.22421875 0.46550925925925923 0.08333333333333333 0.24768518518518517
