0 0.5854166666666667 0.8997685185185185 0.09583333333333334 0.17546296296296296
1 0.7572916666666667 0.6018518518518519 0.042708333333333334 0.07314814814814814
2 0.7947916666666667 0.37199074074074073 0.08645833333333333 0.1476851851851852
2 0.6174479166666667 0.6027777777777777 0.08072916666666667 0.1388888888888889
2 0.31302083333333336 0.6768518518518518 0.08229166666666667 0.1287037037037037
3 0.39609375 0.449537037037037 0.0453125 0.075
4 0.25078125 0.38958333333333334 0.04114583333333333 0.2199074074074074
5 0.6065104166666667 0.14629629629629629 0.12239583333333333 0.08333333333333333
7 0.5565104166666667 0.35 0.12760416666666666 0.11851851851851852
8 0.45729166666666665 0.6865740740740741 0.11145833333333334 0.12777777777777777
9 0.38515625 0.25810185185185186 0.044270833333333336 0.08842592592592592
10 0.7684895833333333 0.8395833333333333 0.07239583333333334 0.11527777777777778
11 0.3697916666666667 0.09722222222222222 0.134375 0.1037037037037037
