0 0.3255208333333333 0.19166666666666668 0.058333333333333334 0.19814814814814816
1 0.22838541666666667 0.575 0.044270833333333336 0.0712962962962963
2 0.35598958333333336 0.4706018518518518 0.0796875 0.1439814814814815
2 0.23489583333333333 0.8189814814814815 0.08020833333333334 0.13148148148148148
2 0.6119791666666666 0.1962962962962963 0.06979166666666667 0.12129629629629629
3 0.59296875 0.46041666666666664 0.04114583333333333 0.0763888888888889
4 0.7416666666666667 0.40902777777777777 0.0875 0.20787037037037037
5 0.46796875 0.9081018518518519 0.1265625 0.11805555555555555
7 0.46822916666666664 0.663425925925926 0.13229166666666667 0.1527777777777778
8 0.48671875 0.28726851851851853 0.1078125 0.09768518518518518
9 0.6526041666666667 0.6305555555555555 0.046875 0.08333333333333333
10 0.1734375 0.3664351851851852 0.065625 0.11805555555555555
11 0.7033854166666667 0.7780092592592592 0.12552083333333333 0.1875
