0 0.625390625 0.09675925925925925 0.11067708333333333 0.09074074074074075
2 0.47317708333333336 0.17222222222222222 0.08072916666666667 0.13333333333333333
2 0.6592447916666667 0.59375 0.07109375 0.12361111111111112
3 0.5080729166666667 0.5921296296296297 0.04114583333333333 0.07314814814814814
4 0.5544270833333333 0.8543981481481482 0.11510416666666666 0.17824074074074073
5 0.24088541666666666 0.4127314814814815 0.075 0.21898148148148147
7 0.37942708333333336 0.38333333333333336 0.09270833333333334 0.23981481481481481
8 0.5912760416666667 0.37037037037037035 0.06067708333333333 0.19537037037037036
9 0.41640625 0.7127314814814815 0.04895833333333333 0.08472222222222223
11 0.33645833333333336 0.8231481481481482 0.11614583333333334 0.22314814814814815
