0 0.6697916666666667 0.7851851851851852 0.052083333333333336 0.2101851851851852
1 0.7483072916666667 0.3888888888888889 0.04244791666666667 0.06481481481481481
2 0.7274739583333333 0.16041666666666668 0.06953125 0.12546296296296297
2 0.6276041666666666 0.4930555555555556 0.07760416666666667 0.13333333333333333
2 0.37252604166666664 0.7956018518518518 0.07109375 0.1162037037037037
3 0.3912760416666667 0.5217592592592593 0.04192708333333333 0.07777777777777778
4 0.24192708333333332 0.5824074074074074 0.08645833333333333 0.20555555555555555
5 0.5065104166666666 0.09490740740740741 0.11510416666666666 0.11666666666666667
7 0.5130208333333334 0.31342592592592594 0.12916666666666668 0.15092592592592594
8 0.5045572916666666 0.6861111111111111 0.11119791666666666 0.10277777777777777
9 0.33359375 0.355787037037037 0.049479166666666664 0.08564814814814815
10 0.8145833333333333 0.5914351851851852 0.06614583333333333 0.11435185185185186
11 0.28033854166666666 0.21898148148148147 0.12369791666666667 0.17777777777777778
