0 0.35885416666666664 0.856712962962963 0.121875 0.07083333333333333
1 0.6036458333333333 0.8842592592592593 0.040625 0.07314814814814814
2 0.5041666666666667 0.6983796296296296 0.071875 0.12638888888888888
2 0.7255208333333333 0.7780092592592592 0.075 0.1337962962962963
2 0.27057291666666666 0.35717592592592595 0.07760416666666667 0.14675925925925926
3 0.4197916666666667 0.30671296296296297 0.041666666666666664 0.07916666666666666
5 0.68828125 0.3736111111111111 0.10052083333333334 0.20277777777777778
4 0.3463541666666667 0.09652777777777778 0.09895833333333333 0.18472222222222223
7 0.5666666666666667 0.4474537037037037 0.1125 0.2273148148148148
8 0.3625 0.544675925925926 0.071875 0.19305555555555556
9 0.4890625 0.16805555555555557 0.046875 0.08981481481481482
