0 0.36354166666666665 0.8638888888888889 0.121875 0.06296296296296296
1 0.6075520833333333 0.8803240740740741 0.04010416666666667 0.07916666666666666
2 0.5067708333333333 0.6983796296296296 0.07083333333333333 0.11990740740740741
2 0.72890625 0.7733796296296296 0.07552083333333333 0.1300925925925926
2 0.26953125 0.3664351851851852 0.07760416666666667 0.14305555555555555
3 0.41744791666666664 0.30995370370370373 0.0421875 0.07916666666666666
4 0.34375 0.09814814814814815 0.1 0.18796296296296297
5 0.6880208333333333 0.36944444444444446 0.1 0.20277777777777778
7 0.5666666666666667 0.44305555555555554 0.11458333333333333 0.23425925925925925
8 0.36328125 0.5509259259259259 0.07239583333333334 0.19537037037037036
9 0.4861979166666667 0.17060185185185187 0.04739583333333333 0.08842592592592592
