0 0.73125 0.5009259259259259 0.06302083333333333 0.20462962962962963
1 0.6369791666666667 0.11944444444444445 0.04583333333333333 0.07314814814814814
2 0.5938802083333333 0.3375 0.07161458333333333 0.13796296296296295
2 0.521875 0.867824074074074 0.08125 0.15601851851851853
3 0.430078125 0.6421296296296296 0.04401041666666667 0.07592592592592592
4 0.33958333333333335 0.8740740740740741 0.13333333333333333 0.10740740740740741
5 0.3455729166666667 0.1787037037037037 0.0796875 0.2111111111111111
7 0.440234375 0.3375 0.10234375 0.2388888888888889
8 0.583203125 0.6238425925925926 0.08880208333333334 0.17546296296296296
9 0.31979166666666664 0.5907407407407408 0.04739583333333333 0.09166666666666666
10 0.7606770833333333 0.18981481481481483 0.06614583333333333 0.11944444444444445
11 0.22864583333333333 0.5541666666666667 0.0625 0.2518518518518518
