0 0.693359375 0.32037037037037036 0.08880208333333334 0.16666666666666666
2 0.53828125 0.24537037037037038 0.07760416666666667 0.14722222222222223
2 0.569140625 0.780787037037037 0.07890625 0.1439814814814815
3 0.441796875 0.6303240740740741 0.04192708333333333 0.0763888888888889
4 0.40182291666666664 0.8983796296296296 0.12864583333333332 0.07916666666666666
5 0.27096354166666664 0.23935185185185184 0.05130208333333333 0.2222222222222222
7 0.39401041666666664 0.3384259259259259 0.06979166666666667 0.2388888888888889
8 0.583203125 0.524537037037037 0.07161458333333333 0.1962962962962963
9 0.32721354166666666 0.6486111111111111 0.05078125 0.08703703703703704
11 0.22526041666666666 0.6701388888888888 0.059895833333333336 0.2587962962962963
