0 0.722265625 0.44074074074074077 0.07630208333333334 0.1925925925925926
1 0.6057291666666667 0.08333333333333333 0.042708333333333334 0.07407407407407407
2 0.5774739583333334 0.3076388888888889 0.07421875 0.1412037037037037
2 0.5416666666666666 0.8490740740740741 0.08125 0.15185185185185185
3 0.4329427083333333 0.6474537037037037 0.04140625 0.07916666666666666
4 0.3592447916666667 0.8923611111111112 0.13203125 0.08657407407407407
5 0.31888020833333336 0.20046296296296295 0.07369791666666667 0.22685185185185186
7 0.422265625 0.3372685185185185 0.09296875 0.2439814814814815
8 0.5850260416666667 0.5986111111111111 0.08203125 0.18055555555555555
9 0.3190104166666667 0.6180555555555556 0.04895833333333333 0.08703703703703704
10 0.7295572916666667 0.12962962962962962 0.06848958333333334 0.11944444444444445
11 0.22760416666666666 0.6037037037037037 0.0484375 0.2574074074074074
