0 0.6643229166666667 0.8148148148148148 0.06302083333333333 0.20833333333333334
1 0.7553385416666667 0.43148148148148147 0.04348958333333333 0.075
2 0.7415364583333334 0.19837962962962963 0.07213541666666666 0.12638888888888888
2 0.6309895833333333 0.5201388888888889 0.07708333333333334 0.13842592592592592
2 0.36354166666666665 0.7921296296296296 0.06822916666666666 0.10925925925925926
3 0.39231770833333335 0.5222222222222223 0.037760416666666664 0.07314814814814814
4 0.2421875 0.5631944444444444 0.08177083333333333 0.21435185185185185
5 0.5227864583333334 0.10856481481481481 0.12109375 0.10694444444444444
7 0.521875 0.32384259259259257 0.12864583333333332 0.1439814814814815
8 0.49765625 0.7013888888888888 0.1125 0.1
9 0.340625 0.34837962962962965 0.0484375 0.08472222222222223
10 0.8127604166666667 0.6377314814814815 0.06770833333333333 0.11435185185185186
11 0.294921875 0.20578703703703705 0.12682291666666667 0.17083333333333334
