0 0.7295572916666667 0.5296296296296297 0.054427083333333334 0.20462962962962963
1 0.6477864583333334 0.1386574074074074 0.04140625 0.06805555555555555
2 0.596875 0.35162037037037036 0.06875 0.12638888888888888
2 0.5072916666666667 0.8738425925925926 0.084375 0.15601851851851853
3 0.422265625 0.6400462962962963 0.04348958333333333 0.08009259259259259
4 0.32565104166666664 0.8643518518518518 0.13359375 0.11944444444444445
5 0.35572916666666665 0.1673611111111111 0.08385416666666666 0.20601851851851852
7 0.44309895833333335 0.3351851851851852 0.10494791666666667 0.23981481481481481
8 0.578515625 0.6398148148148148 0.09244791666666667 0.16574074074074074
9 0.316796875 0.5729166666666666 0.04453125 0.09768518518518518
10 0.770703125 0.22407407407407406 0.07005208333333333 0.12037037037037036
11 0.22604166666666667 0.5314814814814814 0.06770833333333333 0.2537037037037037
