0 0.6140625 0.8826388888888889 0.08177083333333333 0.1875
1 0.760546875 0.5472222222222223 0.04401041666666667 0.07407407407407407
2 0.7817708333333333 0.31203703703703706 0.08333333333333333 0.13796296296296295
2 0.62421875 0.5793981481481482 0.08177083333333333 0.14212962962962963
2 0.32864583333333336 0.7270833333333333 0.07708333333333334 0.12175925925925926
3 0.3938802083333333 0.4787037037037037 0.03984375 0.07314814814814814
4 0.24361979166666667 0.45439814814814816 0.05546875 0.2162037037037037
5 0.5779947916666667 0.13425925925925927 0.12057291666666667 0.06481481481481481
7 0.5451822916666667 0.3435185185185185 0.12369791666666667 0.10092592592592593
8 0.470703125 0.7002314814814815 0.11015625 0.11342592592592593
9 0.3673177083333333 0.2881944444444444 0.04348958333333333 0.08472222222222223
10 0.7884114583333334 0.7775462962962963 0.07109375 0.11342592592592593
11 0.34088541666666666 0.13425925925925927 0.1296875 0.12222222222222222
