0 0.6838541666666667 0.26458333333333334 0.09635416666666667 0.15787037037037038
2 0.5252604166666667 0.21712962962962962 0.0828125 0.14629629629629629
2 0.5888020833333333 0.7467592592592592 0.0734375 0.1388888888888889
3 0.4529947916666667 0.6222222222222222 0.04244791666666667 0.07407407407407407
4 0.42942708333333335 0.8983796296296296 0.13020833333333334 0.10046296296296296
5 0.25807291666666665 0.2611111111111111 0.040625 0.2222222222222222
7 0.38502604166666665 0.33611111111111114 0.05755208333333333 0.23981481481481481
8 0.586328125 0.49166666666666664 0.06848958333333334 0.1935185185185185
9 0.33958333333333335 0.6613425925925925 0.050520833333333334 0.09305555555555556
11 0.23763020833333334 0.7060185185185185 0.07057291666666667 0.25277777777777777
