0 0.6915364583333333 0.3178240740740741 0.08932291666666667 0.16805555555555557
2 0.5352864583333333 0.23726851851851852 0.07786458333333333 0.14305555555555555
2 0.5678385416666667 0.7743055555555556 0.07630208333333334 0.14305555555555555
3 0.43893229166666664 0.6229166666666667 0.04348958333333333 0.07731481481481481
4 0.3953125 0.8923611111111112 0.13177083333333334 0.07916666666666666
5 0.2694010416666667 0.22962962962962963 0.05234375 0.22592592592592592
7 0.3904947916666667 0.32592592592592595 0.07161458333333333 0.24074074074074073
8 0.5782552083333333 0.5226851851851851 0.07369791666666667 0.18888888888888888
9 0.32135416666666666 0.6398148148148148 0.050520833333333334 0.08703703703703704
11 0.22174479166666666 0.6638888888888889 0.05807291666666667 0.25925925925925924
