0 0.303515625 0.24375 0.038802083333333334 0.20324074074074075
1 0.26263020833333334 0.6594907407407408 0.04505208333333333 0.07731481481481481
2 0.372265625 0.5 0.07057291666666667 0.13333333333333333
2 0.304296875 0.8914351851851852 0.07265625 0.1162037037037037
2 0.5802083333333333 0.1337962962962963 0.07447916666666667 0.13703703703703704
3 0.599609375 0.38796296296296295 0.03984375 0.0712962962962963
4 0.731640625 0.274537037037037 0.10494791666666667 0.1814814814814815
5 0.5430989583333333 0.8740740740740741 0.11953125 0.16296296296296298
7 0.5078125 0.6326388888888889 0.13177083333333334 0.18935185185185185
8 0.471484375 0.26643518518518516 0.10651041666666666 0.1125
9 0.6778645833333333 0.5261574074074075 0.04791666666666667 0.08287037037037037
10 0.17890625 0.48032407407407407 0.06822916666666666 0.11527777777777778
11 0.7446614583333333 0.6409722222222223 0.10807291666666667 0.2162037037037037
