0 0.31106770833333336 0.22708333333333333 0.04401041666666667 0.2013888888888889
1 0.2545572916666667 0.6365740740740741 0.04192708333333333 0.07314814814814814
2 0.37083333333333335 0.48865740740740743 0.0734375 0.13842592592592592
2 0.5904947916666666 0.1412037037037037 0.07526041666666666 0.13425925925925927
2 0.2884114583333333 0.8726851851851852 0.07526041666666666 0.12037037037037036
3 0.6009114583333334 0.40324074074074073 0.040364583333333336 0.07037037037037037
4 0.738671875 0.30115740740740743 0.10286458333333333 0.1875
5 0.5298177083333333 0.8798611111111111 0.12005208333333334 0.15694444444444444
7 0.50234375 0.6395833333333333 0.13072916666666667 0.1837962962962963
8 0.479296875 0.2650462962962963 0.10598958333333333 0.10324074074074074
9 0.6776041666666667 0.5474537037037037 0.04739583333333333 0.0837962962962963
10 0.17955729166666667 0.4516203703703704 0.07057291666666667 0.11712962962962963
11 0.7401041666666667 0.6717592592592593 0.11197916666666667 0.21203703703703702
