0 0.6657552083333333 0.8041666666666667 0.05703125 0.2101851851851852
1 0.75234375 0.4131944444444444 0.0453125 0.07175925925925926
2 0.7365885416666667 0.18310185185185185 0.07265625 0.12731481481481483
2 0.6299479166666667 0.5094907407407407 0.07916666666666666 0.13842592592592592
2 0.36940104166666665 0.7928240740740741 0.07057291666666667 0.11064814814814815
3 0.39283854166666665 0.5217592592592593 0.04192708333333333 0.07222222222222222
4 0.24296875 0.5710648148148149 0.08333333333333333 0.21435185185185185
5 0.5166666666666667 0.1037037037037037 0.11822916666666666 0.11481481481481481
7 0.5182291666666666 0.31851851851851853 0.13020833333333334 0.14907407407407408
8 0.5020833333333333 0.6960648148148149 0.11302083333333333 0.09490740740740741
9 0.3390625 0.35 0.0484375 0.08611111111111111
10 0.8145833333333333 0.6199074074074075 0.06614583333333333 0.12037037037037036
11 0.29010416666666666 0.21087962962962964 0.12395833333333334 0.17453703703703705
