1 0.21653645833333332 0.3050925925925926 0.04244791666666667 0.0712962962962963
2 0.18033854166666666 0.5409722222222222 0.09140625 0.1439814814814815
2 0.357421875 0.27037037037037037 0.08515625 0.15185185185185185
2 0.6459635416666667 0.14699074074074073 0.07317708333333334 0.12638888888888888
3 0.5876302083333333 0.3854166666666667 0.04192708333333333 0.0699074074074074
4 0.7364583333333333 0.40949074074074077 0.06302083333333333 0.21712962962962962
5 0.3953125 0.7509259259259259 0.1328125 0.06018518518518518
7 0.4356770833333333 0.5069444444444444 0.13072916666666667 0.10185185185185185
8 0.512890625 0.15648148148148147 0.10963541666666667 0.11574074074074074
9 0.6170572916666667 0.5761574074074074 0.04765625 0.08009259259259259
10 0.199609375 0.08287037037037037 0.07005208333333333 0.12037037037037036
11 0.6458333333333334 0.7476851851851852 0.14427083333333332 0.13333333333333333
