0 0.5778645833333333 0.9002314814814815 0.09739583333333333 0.1726851851851852
1 0.7552083333333334 0.6145833333333334 0.042708333333333334 0.07824074074074074
2 0.7989583333333333 0.3909722222222222 0.0875 0.14675925925925926
2 0.61796875 0.612037037037037 0.08072916666666667 0.1425925925925926
2 0.309375 0.6650462962962963 0.08229166666666667 0.13564814814814816
3 0.39869791666666665 0.4388888888888889 0.0390625 0.07592592592592592
4 0.253125 0.3715277777777778 0.036458333333333336 0.22268518518518518
5 0.61328125 0.1486111111111111 0.1265625 0.08518518518518518
7 0.56015625 0.35 0.12864583333333332 0.1287037037037037
8 0.45416666666666666 0.6831018518518519 0.109375 0.13472222222222222
9 0.390625 0.24675925925925926 0.04375 0.09259259259259259
10 0.7619791666666667 0.856712962962963 0.07291666666666667 0.11435185185185186
11 0.37916666666666665 0.0863425925925926 0.13541666666666666 0.09490740740740741
