0 0.725390625 0.4550925925925926 0.07213541666666666 0.1935185185185185
1 0.615234375 0.09212962962962963 0.038802083333333334 0.07592592592592592
2 0.5819010416666667 0.31550925925925927 0.07317708333333334 0.13935185185185187
2 0.5377604166666666 0.8532407407407407 0.0828125 0.15092592592592594
3 0.433203125 0.6469907407407407 0.04401041666666667 0.08194444444444444
4 0.35520833333333335 0.8893518518518518 0.134375 0.09259259259259259
5 0.3248697916666667 0.19444444444444445 0.07473958333333333 0.21481481481481482
7 0.428125 0.33773148148148147 0.09427083333333333 0.2449074074074074
8 0.58671875 0.6050925925925926 0.08385416666666666 0.18333333333333332
9 0.32057291666666665 0.6094907407407407 0.051041666666666666 0.08194444444444444
10 0.73984375 0.1412037037037037 0.06510416666666667 0.12037037037037036
11 0.228515625 0.593287037037037 0.05130208333333333 0.26805555555555555
