0 0.32083333333333336 0.19930555555555557 0.0484375 0.19953703703703704
1 0.23971354166666667 0.5907407407407408 0.040364583333333336 0.07037037037037037
2 0.6052083333333333 0.1625 0.07135416666666666 0.12129629629629629
2 0.3645833333333333 0.4703703703703704 0.078125 0.13703703703703704
2 0.2591145833333333 0.8347222222222223 0.07708333333333334 0.11944444444444445
3 0.598828125 0.42800925925925926 0.04244791666666667 0.07175925925925926
4 0.7434895833333334 0.35138888888888886 0.0921875 0.19907407407407407
5 0.4962239583333333 0.8888888888888888 0.12473958333333333 0.13148148148148148
7 0.48580729166666664 0.6449074074074074 0.13411458333333334 0.1648148148148148
8 0.48489583333333336 0.27060185185185187 0.10885416666666667 0.09675925925925925
9 0.6640625 0.5886574074074075 0.049479166666666664 0.08194444444444444
10 0.17578125 0.39189814814814816 0.0671875 0.1162037037037037
