0 0.3268229166666667 0.1962962962962963 0.05572916666666667 0.1935185185185185
1 0.22734375 0.5770833333333333 0.04114583333333333 0.07083333333333333
2 0.6119791666666666 0.2039351851851852 0.06770833333333333 0.11435185185185186
2 0.35520833333333335 0.47337962962962965 0.08125 0.1449074074074074
2 0.23385416666666667 0.8219907407407407 0.08229166666666667 0.13564814814814816
3 0.5921875 0.46550925925925923 0.04479166666666667 0.0763888888888889
4 0.74140625 0.4152777777777778 0.08802083333333334 0.21203703703703702
5 0.46536458333333336 0.9141203703703704 0.12760416666666666 0.11435185185185186
7 0.4674479166666667 0.6680555555555555 0.1359375 0.14814814814814814
8 0.4861979166666667 0.29050925925925924 0.1109375 0.09768518518518518
9 0.6505208333333333 0.638425925925926 0.04895833333333333 0.08425925925925926
10 0.1734375 0.3659722222222222 0.06458333333333334 0.11898148148148148
11 0.6997395833333333 0.7851851851851852 0.12552083333333333 0.18333333333333332
