0 0.33958333333333335 0.8386574074074075 0.12291666666666666 0.06805555555555555
1 0.5830729166666667 0.8972222222222223 0.0421875 0.07777777777777778
2 0.49322916666666666 0.6993055555555555 0.07395833333333333 0.12824074074074074
2 0.27317708333333335 0.3263888888888889 0.0765625 0.14907407407407408
2 0.7096354166666666 0.8101851851851852 0.07447916666666667 0.13055555555555556
3 0.42526041666666664 0.2953703703703704 0.04010416666666667 0.07314814814814814
5 0.6911458333333333 0.3988425925925926 0.09270833333333334 0.21157407407407408
7 0.5651041666666666 0.45208333333333334 0.10833333333333334 0.23842592592592593
8 0.3567708333333333 0.5252314814814815 0.07083333333333333 0.20324074074074075
9 0.50078125 0.16643518518518519 0.0484375 0.08657407407407407
