0 0.3087239583333333 0.23333333333333334 0.04348958333333333 0.2101851851851852
1 0.25625 0.6425925925925926 0.0453125 0.07314814814814814
2 0.2928385416666667 0.8791666666666667 0.07317708333333334 0.11944444444444445
2 0.3717447916666667 0.4930555555555556 0.07265625 0.13703703703703704
2 0.5877604166666667 0.1412037037037037 0.07552083333333333 0.13055555555555556
3 0.6006510416666667 0.3988425925925926 0.038802083333333334 0.07083333333333333
4 0.7384114583333333 0.29560185185185184 0.10546875 0.18472222222222223
5 0.5319010416666666 0.8793981481481481 0.12109375 0.15601851851851853
7 0.504296875 0.6363425925925926 0.13671875 0.1865740740740741
8 0.47682291666666665 0.26643518518518516 0.1078125 0.1087962962962963
9 0.6765625 0.5409722222222222 0.0484375 0.07916666666666666
10 0.17942708333333332 0.45810185185185187 0.06822916666666666 0.11435185185185186
11 0.7416666666666667 0.6636574074074074 0.1109375 0.2162037037037037
