0 0.6510416666666666 0.8400462962962963 0.0640625 0.20324074074074075
1 0.7598958333333333 0.4634259259259259 0.044270833333333336 0.07037037037037037
2 0.7559895833333333 0.2300925925925926 0.07708333333333334 0.13240740740740742
2 0.63046875 0.5395833333333333 0.08020833333333334 0.14305555555555555
2 0.3533854166666667 0.7770833333333333 0.06822916666666666 0.1125
3 0.394140625 0.5118055555555555 0.039322916666666666 0.07175925925925926
4 0.24075520833333333 0.5340277777777778 0.07369791666666667 0.2152777777777778
5 0.5403645833333334 0.11458333333333333 0.121875 0.09490740740740741
7 0.5299479166666666 0.33217592592592593 0.1296875 0.1310185185185185
8 0.49166666666666664 0.7069444444444445 0.11145833333333334 0.10462962962962963
9 0.3494791666666667 0.3314814814814815 0.04791666666666667 0.08888888888888889
10 0.810546875 0.6821759259259259 0.06692708333333333 0.11435185185185186
11 0.3065104166666667 0.18819444444444444 0.12447916666666667 0.1587962962962963
