0 0.5494791666666666 0.9090277777777778 0.10104166666666667 0.1550925925925926
1 0.7427083333333333 0.6511574074074075 0.041666666666666664 0.07268518518518519
2 0.7979166666666667 0.42962962962962964 0.0875 0.14351851851851852
2 0.6041666666666666 0.6219907407407408 0.08020833333333334 0.13564814814814816
2 0.29583333333333334 0.6289351851851852 0.084375 0.1375
3 0.39401041666666664 0.41967592592592595 0.04010416666666667 0.07083333333333333
4 0.25234375 0.32893518518518516 0.033854166666666664 0.22175925925925927
5 0.625 0.1625 0.12291666666666666 0.10277777777777777
7 0.5609375 0.3525462962962963 0.13125 0.14212962962962963
8 0.4375 0.6752314814814815 0.10729166666666666 0.1375
9 0.39557291666666666 0.22662037037037036 0.044270833333333336 0.0912037037037037
10 0.7361979166666667 0.8891203703703704 0.07239583333333334 0.1087962962962963
11 0.3921875 0.06273148148148149 0.13333333333333333 0.07824074074074074
