0 0.3255208333333333 0.19074074074074074 0.05625 0.19814814814814816
2 0.6125 0.1886574074074074 0.06770833333333333 0.11805555555555555
2 0.35703125 0.4689814814814815 0.07864583333333333 0.14907407407407408
2 0.23932291666666666 0.8185185185185185 0.0796875 0.13055555555555556
3 0.5947916666666667 0.45185185185185184 0.040625 0.075
1 0.22864583333333333 0.5770833333333333 0.04375 0.07546296296296297
4 0.7416666666666667 0.3988425925925926 0.08958333333333333 0.20324074074074075
5 0.47161458333333334 0.9013888888888889 0.1265625 0.12129629629629629
7 0.47161458333333334 0.6578703703703703 0.13385416666666666 0.15
8 0.48723958333333334 0.28125 0.10677083333333333 0.09768518518518518
9 0.6546875 0.6212962962962963 0.04791666666666667 0.08148148148148149
10 0.17395833333333333 0.3659722222222222 0.06666666666666667 0.11712962962962963
11 0.7046875 0.768287037037037 0.12604166666666666 0.19212962962962962
