0 0.6420572916666667 0.1335648148148148 0.11067708333333333 0.09768518518518518
2 0.4856770833333333 0.17708333333333334 0.07916666666666666 0.1412037037037037
2 0.64375 0.6377314814814815 0.06875 0.1162037037037037
3 0.49388020833333335 0.6006944444444444 0.04140625 0.0763888888888889
4 0.523046875 0.8717592592592592 0.12057291666666667 0.1638888888888889
5 0.23932291666666666 0.37222222222222223 0.06302083333333333 0.22314814814814815
7 0.37734375 0.36921296296296297 0.0828125 0.2412037037037037
8 0.5923177083333333 0.4023148148148148 0.05546875 0.1962962962962963
9 0.3927083333333333 0.7039351851851852 0.05 0.08472222222222223
11 0.30703125 0.7967592592592593 0.10729166666666666 0.2388888888888889
