0 0.6721354166666667 0.7736111111111111 0.049479166666666664 0.20833333333333334
1 0.7481770833333333 0.3787037037037037 0.044270833333333336 0.07592592592592592
2 0.7248697916666667 0.14907407407407408 0.07213541666666666 0.12407407407407407
2 0.62890625 0.48217592592592595 0.075 0.13935185185185187
2 0.374609375 0.7912037037037037 0.06796875 0.11574074074074074
3 0.391796875 0.517824074074074 0.03984375 0.07175925925925926
4 0.241015625 0.5810185185185185 0.08828125 0.2064814814814815
5 0.503515625 0.08472222222222223 0.11796875 0.11851851851851852
7 0.5123697916666666 0.3034722222222222 0.13046875 0.1550925925925926
8 0.50625 0.6826388888888889 0.109375 0.09953703703703703
9 0.33203125 0.35208333333333336 0.04739583333333333 0.0837962962962963
10 0.8151041666666666 0.5775462962962963 0.0671875 0.11435185185185186
11 0.27955729166666665 0.2175925925925926 0.12317708333333334 0.1787037037037037
