0 0.6912760416666667 0.31689814814814815 0.08671875 0.16805555555555557
2 0.5670572916666666 0.7743055555555556 0.07578125 0.13935185185185187
2 0.535546875 0.23819444444444443 0.07838541666666667 0.1412037037037037
3 0.441015625 0.6268518518518519 0.040364583333333336 0.07314814814814814
4 0.39934895833333334 0.8946759259259259 0.13255208333333332 0.08194444444444444
5 0.2701822916666667 0.23402777777777778 0.05182291666666667 0.2310185185185185
7 0.3907552083333333 0.32916666666666666 0.07109375 0.23796296296296296
8 0.5795572916666667 0.5196759259259259 0.07109375 0.19027777777777777
9 0.32421875 0.6416666666666667 0.046875 0.08518518518518518
11 0.22434895833333332 0.6673611111111111 0.05807291666666667 0.2625
