0 0.667578125 0.20694444444444443 0.10390625 0.13518518518518519
2 0.5096354166666667 0.19490740740740742 0.0828125 0.15092592592592594
2 0.6071614583333333 0.700462962962963 0.06901041666666667 0.13333333333333333
3 0.4641927083333333 0.6094907407407407 0.040364583333333336 0.0699074074074074
4 0.459375 0.8870370370370371 0.12760416666666666 0.12129629629629629
5 0.24752604166666667 0.28958333333333336 0.03671875 0.2300925925925926
7 0.37981770833333334 0.3386574074074074 0.05755208333333333 0.2310185185185185
8 0.5865885416666666 0.45439814814814816 0.06015625 0.20046296296296295
9 0.35494791666666664 0.6712962962962963 0.05 0.08888888888888889
10 0.25703125 0.7337962962962963 0.08333333333333333 0.2537037037037037
