0 0.6963541666666667 0.7074074074074074 0.03125 0.21203703703703702
1 0.7311197916666666 0.2972222222222222 0.04348958333333333 0.07685185185185185
2 0.6912760416666667 0.08101851851851852 0.06848958333333334 0.11481481481481481
2 0.6266927083333333 0.43333333333333335 0.07265625 0.13240740740740742
2 0.403125 0.8118055555555556 0.07552083333333333 0.12546296296296297
3 0.396484375 0.5365740740740741 0.04244791666666667 0.07222222222222222
4 0.2506510416666667 0.6421296296296296 0.10494791666666667 0.1925925925925926
5 0.4666666666666667 0.07847222222222222 0.11822916666666666 0.1449074074074074
7 0.495703125 0.28587962962962965 0.13046875 0.17453703703703705
8 0.5276041666666667 0.6657407407407407 0.11354166666666667 0.10740740740740741
9 0.32057291666666665 0.38981481481481484 0.052083333333333336 0.08703703703703704
10 0.816796875 0.47476851851851853 0.07057291666666667 0.11435185185185186
11 0.2565104166666667 0.26851851851851855 0.11666666666666667 0.2111111111111111
