0 0.31640625 0.20925925925925926 0.04739583333333333 0.19907407407407407
1 0.24700520833333334 0.612037037037037 0.04401041666666667 0.08055555555555556
2 0.3665364583333333 0.4787037037037037 0.07630208333333334 0.13796296296296295
2 0.598046875 0.15393518518518517 0.07109375 0.1300925925925926
3 0.6006510416666667 0.4162037037037037 0.04088541666666667 0.07777777777777778
4 0.7419270833333333 0.32916666666666666 0.0984375 0.19814814814814816
5 0.5114583333333333 0.8844907407407407 0.12864583333333332 0.14583333333333334
7 0.49466145833333336 0.6414351851851852 0.13567708333333334 0.17175925925925925
8 0.4803385416666667 0.26944444444444443 0.10807291666666667 0.10648148148148148
9 0.6692708333333334 0.5664351851851852 0.046875 0.08287037037037037
10 0.17708333333333334 0.42060185185185184 0.06458333333333334 0.11435185185185186
11 0.731640625 0.6986111111111111 0.11796875 0.2101851851851852
2 0.27421875 0.8564814814814815 0.07604166666666666 0.1175925925925926
