0 0.7091145833333333 0.6599537037037037 0.03177083333333333 0.2199074074074074
1 0.7104166666666667 0.24375 0.0421875 0.08101851851851852
2 0.61875 0.40671296296296294 0.06614583333333333 0.12638888888888888
2 0.42916666666666664 0.8425925925925926 0.08020833333333334 0.14537037037037037
3 0.39752604166666666 0.5729166666666666 0.04140625 0.08009259259259259
4 0.26419270833333336 0.7148148148148148 0.11744791666666667 0.17962962962962964
5 0.4270833333333333 0.09513888888888888 0.11041666666666666 0.16898148148148148
7 0.47734375 0.30069444444444443 0.128125 0.20046296296296295
8 0.5373697916666667 0.6590277777777778 0.10911458333333333 0.12361111111111112
9 0.3098958333333333 0.44166666666666665 0.0484375 0.09166666666666666
10 0.8084635416666667 0.39652777777777776 0.07213541666666666 0.11157407407407408
11 0.23684895833333333 0.3386574074074074 0.10026041666666667 0.2310185185185185
