0 0.6415364583333333 0.12800925925925927 0.11171875 0.09768518518518518
2 0.48671875 0.1752314814814815 0.07916666666666666 0.13935185185185187
2 0.648046875 0.63125 0.06796875 0.12361111111111112
3 0.49700520833333334 0.5976851851851852 0.04140625 0.07407407407407407
4 0.5295572916666667 0.8671296296296296 0.11953125 0.1648148148148148
5 0.24270833333333333 0.37754629629629627 0.06458333333333334 0.2263888888888889
7 0.3809895833333333 0.3715277777777778 0.0828125 0.2439814814814815
8 0.5946614583333333 0.3962962962962963 0.054947916666666666 0.19444444444444445
9 0.39934895833333334 0.7027777777777777 0.05078125 0.08703703703703704
11 0.3145833333333333 0.8020833333333334 0.10729166666666666 0.2300925925925926
