0 0.6036458333333333 0.8895833333333333 0.08541666666666667 0.1875
1 0.7608072916666667 0.5680555555555555 0.04453125 0.07222222222222222
2 0.7873697916666667 0.3365740740740741 0.08515625 0.1398148148148148
2 0.6221354166666667 0.5902777777777778 0.08177083333333333 0.1398148148148148
2 0.3216145833333333 0.7113425925925926 0.078125 0.12361111111111112
3 0.39505208333333336 0.4685185185185185 0.03958333333333333 0.07222222222222222
4 0.24518229166666666 0.43333333333333335 0.05130208333333333 0.2212962962962963
5 0.5891927083333334 0.13819444444444445 0.12109375 0.06342592592592593
7 0.54921875 0.3458333333333333 0.12552083333333333 0.10555555555555556
8 0.46640625 0.6974537037037037 0.109375 0.12175925925925926
9 0.37408854166666666 0.27870370370370373 0.04505208333333333 0.08981481481481482
10 0.7828125 0.8025462962962963 0.0703125 0.11435185185185186
11 0.353125 0.11898148148148148 0.13333333333333333 0.1175925925925926
