0 0.6778645833333333 0.7532407407407408 0.04791666666666667 0.2111111111111111
1 0.7475260416666667 0.35439814814814813 0.04192708333333333 0.07083333333333333
2 0.722265625 0.12731481481481483 0.07005208333333333 0.12407407407407407
2 0.630859375 0.46550925925925923 0.07421875 0.1375
2 0.37981770833333334 0.7819444444444444 0.07265625 0.11851851851851852
3 0.39453125 0.5101851851851852 0.043229166666666666 0.07314814814814814
4 0.24440104166666668 0.5814814814814815 0.09244791666666667 0.20925925925925926
5 0.5005208333333333 0.075 0.1171875 0.12407407407407407
7 0.5109375 0.2881944444444444 0.1296875 0.15601851851851853
8 0.511328125 0.6673611111111111 0.10963541666666667 0.09675925925925925
9 0.33359375 0.34791666666666665 0.049479166666666664 0.0837962962962963
10 0.8170572916666666 0.5488425925925926 0.07005208333333333 0.1125
11 0.277734375 0.21319444444444444 0.12057291666666667 0.18564814814814815
