0 0.5604166666666667 0.9018518518518519 0.10104166666666667 0.1574074074074074
1 0.7479166666666667 0.6319444444444444 0.04375 0.07592592592592592
2 0.8 0.4115740740740741 0.08854166666666667 0.14722222222222223
2 0.6098958333333333 0.6134259259259259 0.08125 0.1398148148148148
2 0.3015625 0.6326388888888889 0.08541666666666667 0.13842592592592592
3 0.39765625 0.42083333333333334 0.0421875 0.075
4 0.25338541666666664 0.3365740740740741 0.0328125 0.22685185185185186
5 0.6231770833333333 0.15324074074074073 0.1234375 0.10092592592592593
7 0.5627604166666667 0.3451388888888889 0.1296875 0.13564814814814816
8 0.44479166666666664 0.6726851851851852 0.10729166666666666 0.13425925925925927
9 0.39557291666666666 0.22800925925925927 0.0453125 0.08842592592592592
10 0.7473958333333334 0.8724537037037037 0.07291666666666667 0.11712962962962963
11 0.38828125 0.06365740740740741 0.13385416666666666 0.08009259259259259
