1 0.24479166666666666 0.23449074074074075 0.04635416666666667 0.0763888888888889
2 0.17109375 0.4412037037037037 0.09375 0.15185185185185185
2 0.3829427083333333 0.26319444444444445 0.07994791666666666 0.1412037037037037
2 0.6819010416666667 0.28032407407407406 0.08411458333333334 0.14027777777777778
3 0.587890625 0.4824074074074074 0.040364583333333336 0.07407407407407407
4 0.7298177083333334 0.5800925925925926 0.03671875 0.22592592592592592
5 0.3438802083333333 0.74375 0.13359375 0.10972222222222222
7 0.4197916666666667 0.5300925925925926 0.13541666666666666 0.15833333333333333
8 0.5481770833333334 0.22013888888888888 0.10364583333333334 0.13657407407407407
9 0.5877604166666667 0.6861111111111111 0.043229166666666666 0.08888888888888889
11 0.5895833333333333 0.8675925925925926 0.14791666666666667 0.08703703703703704
