0 0.41640625 0.9215277777777777 0.12239583333333333 0.07916666666666666
1 0.6580729166666667 0.8423611111111111 0.0421875 0.07916666666666666
2 0.7638020833333333 0.6886574074074074 0.08489583333333334 0.14212962962962963
2 0.53828125 0.7050925925925926 0.06927083333333334 0.10925925925925926
2 0.26119791666666664 0.46921296296296294 0.08385416666666666 0.15324074074074073
3 0.40208333333333335 0.3576388888888889 0.041666666666666664 0.0699074074074074
4 0.30052083333333335 0.17222222222222222 0.08229166666666667 0.21296296296296297
5 0.6747395833333333 0.3055555555555556 0.11302083333333333 0.17777777777777778
7 0.565625 0.4287037037037037 0.12604166666666666 0.21574074074074073
8 0.38046875 0.6180555555555556 0.08385416666666666 0.18796296296296297
9 0.45078125 0.1909722222222222 0.0484375 0.08842592592592592
