0 0.691796875 0.3143518518518518 0.08880208333333334 0.1648148148148148
2 0.5348958333333333 0.23981481481481481 0.08072916666666667 0.14814814814814814
2 0.566796875 0.7752314814814815 0.07421875 0.1412037037037037
3 0.43893229166666664 0.6229166666666667 0.045572916666666664 0.08101851851851852
4 0.39739583333333334 0.8912037037037037 0.13177083333333334 0.08888888888888889
5 0.2696614583333333 0.2300925925925926 0.05078125 0.22314814814814815
7 0.38971354166666666 0.32569444444444445 0.07005208333333333 0.2449074074074074
8 0.5782552083333333 0.51875 0.07369791666666667 0.1884259259259259
9 0.32421875 0.6402777777777777 0.04895833333333333 0.08796296296296297
11 0.22200520833333334 0.6664351851851852 0.05651041666666667 0.2587962962962963
