1 0.270703125 0.15694444444444444 0.04296875 0.0712962962962963
2 0.17643229166666666 0.3275462962962963 0.08932291666666667 0.15601851851851853
2 0.40013020833333335 0.23287037037037037 0.07578125 0.1361111111111111
2 0.69296875 0.35625 0.08333333333333333 0.1439814814814815
3 0.574609375 0.5217592592592593 0.040364583333333336 0.07407407407407407
4 0.703515625 0.66875 0.05703125 0.2300925925925926
5 0.30494791666666665 0.6861111111111111 0.1296875 0.1398148148148148
7 0.40533854166666666 0.5027777777777778 0.13567708333333334 0.1925925925925926
8 0.5627604166666667 0.24976851851851853 0.09635416666666667 0.15046296296296297
9 0.5522135416666667 0.7171296296296297 0.04973958333333333 0.08981481481481482
11 0.53359375 0.881712962962963 0.14270833333333333 0.09675925925925925
