0 0.5936197916666667 0.8972222222222223 0.08932291666666667 0.17962962962962964
1 0.7578125 0.5863425925925926 0.044270833333333336 0.06898148148148148
2 0.7908854166666667 0.3539351851851852 0.08541666666666667 0.1449074074074074
2 0.6190104166666667 0.5972222222222222 0.08177083333333333 0.1398148148148148
2 0.316796875 0.694675925925926 0.07682291666666667 0.12731481481481483
3 0.39544270833333334 0.45740740740740743 0.040364583333333336 0.07222222222222222
4 0.24921875 0.41064814814814815 0.04635416666666667 0.21944444444444444
5 0.5971354166666667 0.1451388888888889 0.12239583333333333 0.07268518518518519
7 0.5529947916666667 0.3474537037037037 0.12526041666666668 0.1125
8 0.46067708333333335 0.6932870370370371 0.1109375 0.12731481481481483
9 0.3796875 0.2671296296296296 0.04479166666666667 0.08981481481481482
10 0.7744791666666667 0.8203703703703704 0.07083333333333333 0.11018518518518519
11 0.36106770833333335 0.11018518518518519 0.13463541666666667 0.1037037037037037
