0 0.6407552083333333 0.13518518518518519 0.11119791666666666 0.10462962962962963
2 0.48541666666666666 0.18171296296296297 0.07760416666666667 0.14027777777777778
2 0.63984375 0.6400462962962963 0.06458333333333334 0.11342592592592593
3 0.48997395833333335 0.6013888888888889 0.04140625 0.075
4 0.5161458333333333 0.8752314814814814 0.12291666666666666 0.1587962962962963
5 0.23815104166666667 0.36875 0.06171875 0.2263888888888889
7 0.3756510416666667 0.3678240740740741 0.08515625 0.2439814814814815
8 0.5893229166666667 0.4046296296296296 0.0546875 0.19722222222222222
9 0.390625 0.7023148148148148 0.0484375 0.08425925925925926
11 0.30299479166666665 0.794675925925926 0.10234375 0.23287037037037037
