0 0.709375 0.63125 0.03333333333333333 0.2162037037037037
1 0.6951822916666667 0.2175925925925926 0.040364583333333336 0.07777777777777778
2 0.61171875 0.39143518518518516 0.06614583333333333 0.12731481481481483
2 0.44427083333333334 0.8569444444444444 0.08333333333333333 0.15
3 0.40065104166666665 0.5921296296296297 0.04348958333333333 0.075
4 0.2734375 0.7576388888888889 0.12291666666666666 0.16064814814814815
5 0.4055989583333333 0.10856481481481481 0.10390625 0.18194444444444444
7 0.4647135416666667 0.30833333333333335 0.12526041666666668 0.20833333333333334
8 0.5451822916666667 0.6574074074074074 0.10546875 0.1361111111111111
9 0.30703125 0.48125 0.046875 0.09027777777777778
10 0.7986979166666667 0.35439814814814813 0.06979166666666667 0.1125
11 0.228125 0.38796296296296295 0.09375 0.2388888888888889
