0 0.6904947916666667 0.2916666666666667 0.09140625 0.16111111111111112
2 0.5309895833333333 0.23194444444444445 0.08020833333333334 0.14444444444444443
2 0.5786458333333333 0.7650462962962963 0.0796875 0.14027777777777778
3 0.448046875 0.6277777777777778 0.04140625 0.0787037037037037
4 0.41627604166666665 0.9009259259259259 0.13203125 0.09166666666666666
5 0.2640625 0.25092592592592594 0.04583333333333333 0.22314814814814815
7 0.38958333333333334 0.33425925925925926 0.06354166666666666 0.23796296296296296
8 0.583984375 0.5078703703703704 0.06796875 0.19074074074074074
9 0.33346354166666664 0.6555555555555556 0.05130208333333333 0.08703703703703704
11 0.23177083333333334 0.6895833333333333 0.06510416666666667 0.25787037037037036
