0 0.4278645833333333 0.9287037037037037 0.1203125 0.08333333333333333
1 0.6674479166666667 0.8321759259259259 0.0421875 0.07916666666666666
2 0.5440104166666667 0.7037037037037037 0.06822916666666666 0.11203703703703703
2 0.76953125 0.6664351851851852 0.0828125 0.1449074074074074
2 0.26197916666666665 0.4875 0.084375 0.14907407407407408
3 0.39921875 0.3662037037037037 0.0421875 0.075
4 0.29140625 0.1875 0.07447916666666667 0.21481481481481482
5 0.6705729166666666 0.2953703703703704 0.11510416666666666 0.1675925925925926
7 0.5643229166666667 0.4236111111111111 0.12760416666666666 0.20555555555555555
8 0.38255208333333335 0.6310185185185185 0.0859375 0.175
9 0.44296875 0.1951388888888889 0.0484375 0.09027777777777778
11 0.4778645833333333 0.05694444444444444 0.1296875 0.11018518518518519
