0 0.5315104166666667 0.9166666666666666 0.10572916666666667 0.15
1 0.73359375 0.6756944444444445 0.044270833333333336 0.07731481481481481
2 0.7940104166666667 0.46296296296296297 0.0890625 0.14907407407407408
2 0.5940104166666667 0.6340277777777777 0.0796875 0.1337962962962963
2 0.2859375 0.612037037037037 0.08541666666666667 0.1425925925925926
3 0.39036458333333335 0.4111111111111111 0.04114583333333333 0.07222222222222222
4 0.25104166666666666 0.30625 0.041666666666666664 0.22824074074074074
5 0.6291666666666667 0.1736111111111111 0.12395833333333334 0.11296296296296296
7 0.5575520833333333 0.3650462962962963 0.13072916666666667 0.15416666666666667
8 0.42682291666666666 0.6726851851851852 0.1046875 0.13703703703703704
9 0.3971354166666667 0.2199074074074074 0.044270833333333336 0.09259259259259259
10 0.7190104166666667 0.9157407407407407 0.06822916666666666 0.11944444444444445
11 0.39895833333333336 0.05949074074074074 0.13541666666666666 0.08009259259259259
