1 0.23385416666666667 0.2599537037037037 0.042708333333333334 0.08009259259259259
2 0.16875 0.47430555555555554 0.09427083333333333 0.15138888888888888
2 0.37278645833333335 0.274537037037037 0.08567708333333333 0.14814814814814814
2 0.671875 0.25555555555555554 0.08333333333333333 0.14629629629629629
3 0.5873697916666667 0.46875 0.04140625 0.06898148148148148
4 0.7321614583333333 0.5493055555555556 0.04140625 0.2263888888888889
5 0.352734375 0.7601851851851852 0.13411458333333334 0.09444444444444444
7 0.421484375 0.5331018518518519 0.13463541666666667 0.14212962962962963
8 0.538671875 0.2150462962962963 0.10651041666666666 0.12824074074074074
9 0.5938802083333333 0.6694444444444444 0.05130208333333333 0.08888888888888889
11 0.6028645833333334 0.8513888888888889 0.14322916666666666 0.09351851851851851
