0 0.43645833333333334 0.9356481481481481 0.11875 0.09351851851851851
1 0.6747395833333333 0.819212962962963 0.04114583333333333 0.07175925925925926
2 0.5471354166666667 0.6988425925925926 0.07135416666666666 0.11898148148148148
2 0.7713541666666667 0.6479166666666667 0.08645833333333333 0.1449074074074074
2 0.26015625 0.5055555555555555 0.08385416666666666 0.14814814814814814
3 0.39479166666666665 0.37407407407407406 0.040625 0.07222222222222222
4 0.2828125 0.20208333333333334 0.07291666666666667 0.21898148148148147
5 0.6643229166666667 0.2826388888888889 0.11614583333333334 0.1625
7 0.5609375 0.4212962962962963 0.12708333333333333 0.19722222222222222
8 0.38645833333333335 0.6412037037037037 0.08854166666666667 0.17685185185185184
9 0.43645833333333334 0.19953703703703704 0.04375 0.08425925925925926
11 0.465625 0.05787037037037037 0.13541666666666666 0.11203703703703703
