0 0.7026041666666667 0.3627314814814815 0.08645833333333333 0.17083333333333334
1 0.560546875 0.04189814814814815 0.03828125 0.0699074074074074
2 0.5498697916666667 0.2689814814814815 0.07473958333333333 0.14351851851851852
2 0.5600260416666667 0.8037037037037037 0.07578125 0.15
3 0.4368489583333333 0.6395833333333333 0.04140625 0.08101851851851852
4 0.383984375 0.9046296296296297 0.13203125 0.06018518518518518
5 0.28424479166666666 0.22546296296296298 0.05911458333333333 0.22592592592592592
7 0.40078125 0.3400462962962963 0.078125 0.2337962962962963
8 0.5817708333333333 0.5513888888888889 0.07552083333333333 0.18888888888888888
9 0.3223958333333333 0.6381944444444444 0.049479166666666664 0.0875
10 0.6889322916666667 0.05856481481481481 0.06015625 0.11157407407407408
11 0.22057291666666667 0.6516203703703703 0.04739583333333333 0.26064814814814813
