0 0.702734375 0.6886574074074074 0.040364583333333336 0.21805555555555556
1 0.7268229166666667 0.275 0.04583333333333333 0.07777777777777778
2 0.6764322916666666 0.06620370370370371 0.07213541666666666 0.11481481481481481
2 0.6251302083333333 0.42685185185185187 0.07161458333333333 0.13148148148148148
2 0.415234375 0.8247685185185185 0.07682291666666667 0.13564814814814816
3 0.39674479166666665 0.5504629629629629 0.04192708333333333 0.07407407407407407
4 0.25533854166666664 0.6701388888888888 0.10807291666666667 0.1875
5 0.45286458333333335 0.0849537037037037 0.11354166666666667 0.15416666666666667
7 0.491015625 0.2916666666666667 0.13619791666666667 0.18888888888888888
8 0.5315104166666667 0.6655092592592593 0.11145833333333334 0.1125
9 0.31692708333333336 0.40925925925925927 0.050520833333333334 0.09351851851851851
10 0.816796875 0.44375 0.06848958333333334 0.11527777777777778
11 0.24973958333333332 0.29467592592592595 0.11302083333333333 0.2199074074074074
