1 0.20338541666666668 0.32384259259259257 0.04739583333333333 0.08101851851851852
2 0.18033854166666666 0.5645833333333333 0.09348958333333333 0.1439814814814815
2 0.3444010416666667 0.26990740740740743 0.08723958333333333 0.1527777777777778
2 0.6264322916666667 0.10416666666666667 0.07005208333333333 0.12129629629629629
3 0.5803385416666667 0.3488425925925926 0.040364583333333336 0.0699074074074074
4 0.729296875 0.3490740740740741 0.07005208333333333 0.22037037037037038
5 0.40546875 0.7414351851851851 0.13072916666666667 0.07916666666666666
7 0.4348958333333333 0.4960648148148148 0.13229166666666667 0.11712962962962963
8 0.4962239583333333 0.13564814814814816 0.11067708333333333 0.1037037037037037
9 0.61875 0.5300925925925926 0.046875 0.08333333333333333
10 0.17578125 0.10694444444444444 0.06614583333333333 0.12129629629629629
11 0.6524739583333333 0.6979166666666666 0.13723958333333333 0.1439814814814815
