0 0.6571614583333333 0.18171296296296297 0.10546875 0.12268518518518519
2 0.4973958333333333 0.18912037037037038 0.0796875 0.1449074074074074
2 0.6157552083333333 0.6810185185185185 0.06796875 0.12222222222222222
3 0.469921875 0.6064814814814815 0.03984375 0.07222222222222222
4 0.4765625 0.8868055555555555 0.1296875 0.1412037037037037
5 0.23619791666666667 0.3159722222222222 0.049479166666666664 0.22916666666666666
7 0.37356770833333336 0.34953703703703703 0.06901041666666667 0.2351851851851852
8 0.585546875 0.4324074074074074 0.05807291666666667 0.19907407407407407
9 0.36276041666666664 0.6840277777777778 0.0515625 0.08657407407407407
11 0.2688802083333333 0.7576388888888889 0.09192708333333334 0.2513888888888889
