0 0.31796875 0.2023148148148148 0.0484375 0.19722222222222222
1 0.24440104166666668 0.6002314814814815 0.04192708333333333 0.07268518518518519
2 0.26341145833333335 0.8421296296296297 0.07578125 0.13055555555555556
2 0.3640625 0.47337962962962965 0.07916666666666666 0.1375
2 0.602734375 0.1613425925925926 0.07317708333333334 0.12916666666666668
3 0.5990885416666667 0.4224537037037037 0.04401041666666667 0.07731481481481481
4 0.7434895833333334 0.3490740740740741 0.09635416666666667 0.2064814814814815
5 0.5013020833333334 0.8893518518518518 0.12760416666666666 0.13425925925925927
7 0.488671875 0.6446759259259259 0.13359375 0.16157407407407406
8 0.484375 0.2571759259259259 0.10989583333333333 0.10601851851851851
9 0.665234375 0.5833333333333334 0.04973958333333333 0.08518518518518518
10 0.17565104166666667 0.4027777777777778 0.06953125 0.12037037037037036
11 0.72578125 0.7162037037037037 0.12135416666666667 0.20277777777777778
