0 0.50625 0.9280092592592593 0.11041666666666666 0.13564814814814816
1 0.7190104166666667 0.7185185185185186 0.04010416666666667 0.07592592592592592
2 0.790625 0.5111111111111111 0.0875 0.14907407407407408
2 0.5815104166666667 0.6550925925925926 0.07760416666666667 0.13240740740740742
2 0.2734375 0.5909722222222222 0.084375 0.1439814814814815
3 0.3888020833333333 0.4043981481481482 0.0421875 0.07731481481481481
4 0.2557291666666667 0.2814814814814815 0.051041666666666666 0.22407407407407406
5 0.6380208333333334 0.2039351851851852 0.12291666666666666 0.12824074074074074
7 0.5588541666666667 0.38078703703703703 0.13125 0.16712962962962963
8 0.41328125 0.6736111111111112 0.10364583333333334 0.14907407407407408
9 0.4046875 0.2127314814814815 0.046875 0.08842592592592592
11 0.41354166666666664 0.06435185185185185 0.13541666666666666 0.06666666666666667
