0 0.525 0.9208333333333333 0.10625 0.14351851851851852
1 0.7291666666666666 0.6851851851851852 0.04375 0.075
2 0.79296875 0.4738425925925926 0.0890625 0.1476851851851852
2 0.59140625 0.6386574074074074 0.0765625 0.13657407407407407
2 0.28151041666666665 0.6064814814814815 0.08489583333333334 0.1398148148148148
3 0.39010416666666664 0.41064814814814815 0.041666666666666664 0.07685185185185185
4 0.25234375 0.2986111111111111 0.044270833333333336 0.2212962962962963
5 0.6296875 0.18287037037037038 0.125 0.11481481481481481
7 0.5575520833333333 0.3685185185185185 0.13072916666666667 0.1574074074074074
8 0.4244791666666667 0.6719907407407407 0.103125 0.14583333333333334
9 0.39947916666666666 0.21574074074074073 0.04479166666666667 0.09259259259259259
10 0.7127604166666667 0.9233796296296296 0.07135416666666666 0.1162037037037037
11 0.40130208333333334 0.06319444444444444 0.13489583333333333 0.07916666666666666
