0 0.7153645833333333 0.42407407407407405 0.0796875 0.19444444444444445
1 0.5907552083333333 0.07268518518518519 0.04140625 0.07592592592592592
2 0.5673177083333333 0.2974537037037037 0.07630208333333334 0.14305555555555555
2 0.54765625 0.8381944444444445 0.07916666666666666 0.15787037037037038
3 0.43411458333333336 0.6456018518518518 0.04479166666666667 0.08101851851851852
4 0.3670572916666667 0.8988425925925926 0.13255208333333332 0.07824074074074074
5 0.3065104166666667 0.20925925925925926 0.0671875 0.2212962962962963
7 0.41705729166666666 0.34305555555555556 0.08932291666666667 0.23981481481481481
8 0.5850260416666667 0.5863425925925926 0.07734375 0.18935185185185185
9 0.32135416666666666 0.6293981481481481 0.050520833333333334 0.0837962962962963
10 0.7171875 0.1099537037037037 0.06197916666666667 0.12361111111111112
11 0.22473958333333333 0.6282407407407408 0.046875 0.2657407407407407
