1 0.32083333333333336 0.04050925925925926 0.044270833333333336 0.07083333333333333
2 0.20208333333333334 0.14074074074074075 0.07395833333333333 0.13703703703703704
2 0.4276041666666667 0.17685185185185184 0.06614583333333333 0.11851851851851852
2 0.680859375 0.4625 0.08307291666666666 0.14074074074074075
3 0.539453125 0.5479166666666667 0.04140625 0.06898148148148148
4 0.6326822916666667 0.7622685185185185 0.08671875 0.2152777777777778
5 0.2532552083333333 0.5474537037037037 0.11015625 0.19675925925925927
7 0.380078125 0.43148148148148147 0.12265625 0.225
8 0.5756510416666667 0.28935185185185186 0.07578125 0.1814814814814815
9 0.4786458333333333 0.7152777777777778 0.04791666666666667 0.08796296296296297
11 0.4295572916666667 0.8625 0.13984375 0.1648148148148148
