0 0.6434895833333333 0.14467592592592593 0.109375 0.11157407407407408
2 0.4864583333333333 0.18171296296296297 0.08072916666666667 0.14212962962962963
2 0.6341145833333334 0.6502314814814815 0.06354166666666666 0.11342592592592593
3 0.4845052083333333 0.6030092592592593 0.04088541666666667 0.06712962962962964
4 0.506640625 0.8775462962962963 0.12317708333333334 0.15416666666666667
5 0.23463541666666668 0.3574074074074074 0.06041666666666667 0.22314814814814815
7 0.3731770833333333 0.36342592592592593 0.07916666666666666 0.2388888888888889
8 0.5850260416666667 0.41064814814814815 0.05703125 0.19166666666666668
9 0.38229166666666664 0.7 0.04895833333333333 0.08703703703703704
11 0.2930989583333333 0.7912037037037037 0.10286458333333333 0.23796296296296296
