0 0.7067708333333333 0.38310185185185186 0.08177083333333333 0.1837962962962963
1 0.5694010416666667 0.05694444444444444 0.038802083333333334 0.07407407407407407
2 0.554296875 0.28125 0.07630208333333334 0.14027777777777778
2 0.5546875 0.8236111111111111 0.078125 0.14907407407407408
3 0.4359375 0.6451388888888889 0.0421875 0.07824074074074074
4 0.380859375 0.906712962962963 0.13411458333333334 0.05416666666666667
5 0.28984375 0.22546296296296298 0.06302083333333333 0.22407407407407406
7 0.4049479166666667 0.3435185185185185 0.078125 0.2388888888888889
8 0.5821614583333333 0.5659722222222222 0.07473958333333333 0.1884259259259259
9 0.32265625 0.6402777777777777 0.051041666666666666 0.08611111111111111
10 0.69609375 0.07800925925925926 0.0640625 0.1162037037037037
11 0.22109375 0.6472222222222223 0.0484375 0.2518518518518518
