0 0.7078125 0.6386574074074074 0.035416666666666666 0.21898148148148147
1 0.699609375 0.22546296296296298 0.04401041666666667 0.07222222222222222
2 0.6135416666666667 0.40023148148148147 0.065625 0.12546296296296297
2 0.43919270833333335 0.8513888888888889 0.08203125 0.14907407407407408
3 0.3985677083333333 0.5858796296296296 0.04348958333333333 0.07175925925925926
4 0.2688802083333333 0.743287037037037 0.12109375 0.16620370370370371
5 0.413671875 0.1025462962962963 0.10598958333333333 0.1736111111111111
7 0.46796875 0.3039351851851852 0.1265625 0.20324074074074075
8 0.5424479166666667 0.6569444444444444 0.10989583333333333 0.13333333333333333
9 0.30703125 0.4671296296296296 0.04791666666666667 0.08888888888888889
10 0.8014322916666666 0.368287037037037 0.07005208333333333 0.11064814814814815
11 0.22955729166666666 0.3726851851851852 0.09765625 0.23425925925925925
