0 0.5990885416666667 0.8935185185185185 0.08828125 0.17962962962962964
1 0.7600260416666667 0.5745370370370371 0.04192708333333333 0.06944444444444445
2 0.78984375 0.3456018518518518 0.08333333333333333 0.14027777777777778
2 0.62109375 0.5962962962962963 0.08177083333333333 0.1398148148148148
2 0.32057291666666665 0.7030092592592593 0.08020833333333334 0.12638888888888888
3 0.39505208333333336 0.4638888888888889 0.04114583333333333 0.0712962962962963
4 0.24544270833333334 0.41967592592592595 0.04401041666666667 0.21712962962962962
5 0.5938802083333333 0.14166666666666666 0.12109375 0.06574074074074074
7 0.5509114583333333 0.34837962962962965 0.12526041666666668 0.1087962962962963
8 0.46341145833333336 0.6944444444444444 0.10859375 0.1175925925925926
9 0.3768229166666667 0.2724537037037037 0.04635416666666667 0.08657407407407407
10 0.7790364583333333 0.8122685185185186 0.07161458333333333 0.11064814814814815
11 0.35716145833333335 0.11597222222222223 0.13307291666666668 0.11527777777777778
