0 0.3126302083333333 0.22060185185185185 0.04192708333333333 0.20046296296296295
1 0.2532552083333333 0.6303240740740741 0.04348958333333333 0.06805555555555555
2 0.5953125 0.1476851851851852 0.0765625 0.13518518518518519
2 0.36966145833333336 0.4861111111111111 0.07421875 0.13333333333333333
2 0.2845052083333333 0.8685185185185185 0.07265625 0.11851851851851852
3 0.601171875 0.40578703703703706 0.04088541666666667 0.07083333333333333
4 0.740625 0.3108796296296296 0.10104166666666667 0.18935185185185185
5 0.5244791666666667 0.8828703703703704 0.1234375 0.14907407407407408
7 0.50078125 0.6398148148148148 0.13385416666666666 0.17777777777777778
8 0.4803385416666667 0.26666666666666666 0.11015625 0.10462962962962963
9 0.6743489583333333 0.5532407407407407 0.05182291666666667 0.09166666666666666
10 0.1796875 0.4393518518518518 0.06770833333333333 0.11481481481481481
11 0.7376302083333334 0.6817129629629629 0.11380208333333333 0.21435185185185185
