0 0.40572916666666664 0.9081018518518519 0.12083333333333333 0.07083333333333333
1 0.6489583333333333 0.8550925925925926 0.041666666666666664 0.07777777777777778
2 0.5317708333333333 0.7050925925925926 0.06666666666666667 0.1111111111111111
2 0.75703125 0.7081018518518518 0.0828125 0.13935185185185187
2 0.2630208333333333 0.4444444444444444 0.08125 0.14907407407407408
3 0.40703125 0.34629629629629627 0.04114583333333333 0.07407407407407407
4 0.31015625 0.15162037037037038 0.0859375 0.21064814814814814
5 0.6794270833333333 0.32083333333333336 0.1109375 0.18703703703703703
7 0.56640625 0.4337962962962963 0.1234375 0.2175925925925926
8 0.37552083333333336 0.6034722222222222 0.084375 0.1912037037037037
9 0.46041666666666664 0.18356481481481482 0.04895833333333333 0.0875
