0 0.6743489583333333 0.7675925925925926 0.05078125 0.2101851851851852
1 0.7470052083333333 0.36666666666666664 0.04088541666666667 0.07222222222222222
2 0.724609375 0.1425925925925926 0.07057291666666667 0.12129629629629629
2 0.6283854166666667 0.4773148148148148 0.075 0.13703703703703704
2 0.3751302083333333 0.7877314814814815 0.06901041666666667 0.11805555555555555
3 0.392578125 0.5143518518518518 0.04140625 0.075
4 0.24166666666666667 0.5814814814814815 0.08958333333333333 0.2074074074074074
5 0.5024739583333333 0.0837962962962963 0.11901041666666666 0.11851851851851852
7 0.5127604166666667 0.29930555555555555 0.12864583333333332 0.15601851851851853
8 0.5075520833333333 0.6773148148148148 0.10989583333333333 0.09259259259259259
9 0.3328125 0.35 0.051041666666666666 0.08425925925925926
10 0.815625 0.5682870370370371 0.06927083333333334 0.11342592592592593
11 0.27955729166666665 0.21435185185185185 0.12213541666666666 0.1814814814814815
