0 0.42421875 0.925 0.1203125 0.08425925925925926
1 0.6635416666666667 0.8375 0.042708333333333334 0.0824074074074074
2 0.5419270833333333 0.7041666666666667 0.06822916666666666 0.1111111111111111
2 0.7669270833333334 0.6793981481481481 0.08385416666666666 0.1439814814814815
2 0.26145833333333335 0.47685185185185186 0.08125 0.14814814814814814
3 0.4010416666666667 0.36180555555555555 0.03958333333333333 0.07175925925925926
4 0.29609375 0.1824074074074074 0.0796875 0.2212962962962963
5 0.671875 0.3 0.11354166666666667 0.17037037037037037
7 0.56484375 0.42685185185185187 0.12552083333333333 0.2064814814814815
8 0.38255208333333335 0.6247685185185186 0.08489583333333334 0.18101851851851852
9 0.4471354166666667 0.19236111111111112 0.04635416666666667 0.08009259259259259
11 0.4828125 0.059953703703703703 0.13333333333333333 0.1162037037037037
