0 0.3875 0.8921296296296296 0.125 0.06759259259259259
1 0.6307291666666667 0.8664351851851851 0.04479166666666667 0.08009259259259259
2 0.74609375 0.7349537037037037 0.0796875 0.1375
2 0.5208333333333334 0.7034722222222223 0.06770833333333333 0.11435185185185186
2 0.2643229166666667 0.41041666666666665 0.08072916666666667 0.1449074074074074
3 0.40989583333333335 0.3314814814814815 0.041666666666666664 0.07685185185185185
4 0.32317708333333334 0.12777777777777777 0.09010416666666667 0.20462962962962963
5 0.6833333333333333 0.34074074074074073 0.10833333333333334 0.18981481481481483
7 0.5669270833333333 0.4356481481481482 0.11822916666666666 0.22407407407407406
8 0.37135416666666665 0.5796296296296296 0.075 0.1935185185185185
9 0.4700520833333333 0.1752314814814815 0.0453125 0.08287037037037037
