1 0.24921875 0.22175925925925927 0.0375 0.07592592592592592
2 0.173828125 0.42106481481481484 0.08932291666666667 0.15138888888888888
2 0.38776041666666666 0.25972222222222224 0.07916666666666666 0.13240740740740742
2 0.6856770833333333 0.29212962962962963 0.08385416666666666 0.1361111111111111
3 0.5873697916666667 0.48865740740740743 0.04140625 0.07268518518518519
4 0.7276041666666667 0.5925925925925926 0.03333333333333333 0.22407407407407406
5 0.33828125 0.7363425925925926 0.13177083333333334 0.11064814814814815
7 0.4186197916666667 0.5280092592592592 0.13776041666666666 0.15787037037037038
8 0.5522135416666667 0.22939814814814816 0.10338541666666666 0.1412037037037037
9 0.583984375 0.6900462962962963 0.04505208333333333 0.08842592592592592
11 0.5825520833333333 0.8675925925925926 0.14375 0.08703703703703704
