0 0.5619791666666667 0.9004629629629629 0.09895833333333333 0.15833333333333333
1 0.75078125 0.6305555555555555 0.0421875 0.07314814814814814
2 0.8 0.4074074074074074 0.0875 0.14907407407407408
2 0.6098958333333333 0.611574074074074 0.08125 0.13796296296296295
2 0.3026041666666667 0.6361111111111111 0.08229166666666667 0.13796296296296295
3 0.39739583333333334 0.41921296296296295 0.040625 0.0699074074074074
4 0.25416666666666665 0.33958333333333335 0.03333333333333333 0.22083333333333333
5 0.6221354166666667 0.1525462962962963 0.12447916666666667 0.09768518518518518
7 0.5625 0.34699074074074077 0.12916666666666668 0.13472222222222222
8 0.44557291666666665 0.6726851851851852 0.10989583333333333 0.13240740740740742
9 0.39479166666666665 0.22777777777777777 0.04583333333333333 0.09166666666666666
10 0.7481770833333333 0.8699074074074075 0.0703125 0.11388888888888889
11 0.3880208333333333 0.06412037037037037 0.134375 0.0875
