0 0.5674479166666667 0.9064814814814814 0.10052083333333334 0.16203703703703703
1 0.75390625 0.6347222222222222 0.04010416666666667 0.06666666666666667
2 0.8018229166666667 0.41180555555555554 0.08802083333333334 0.1449074074074074
2 0.6130208333333333 0.6166666666666667 0.08125 0.13796296296296295
2 0.30625 0.6460648148148148 0.08333333333333333 0.13657407407407407
3 0.3997395833333333 0.430787037037037 0.0390625 0.0699074074074074
4 0.25755208333333335 0.3509259259259259 0.033854166666666664 0.225
5 0.62265625 0.15833333333333333 0.12135416666666667 0.0962962962962963
7 0.56328125 0.35439814814814813 0.13072916666666667 0.13564814814814816
8 0.44895833333333335 0.6798611111111111 0.10833333333333334 0.13657407407407407
9 0.3963541666666667 0.2375 0.04479166666666667 0.09259259259259259
10 0.7528645833333333 0.8761574074074074 0.07239583333333334 0.1162037037037037
11 0.3888020833333333 0.07662037037037037 0.13072916666666667 0.08935185185185185
