0 0.6748697916666667 0.21412037037037038 0.10234375 0.14027777777777778
2 0.5135416666666667 0.20092592592592592 0.0796875 0.14722222222222223
2 0.60546875 0.7131944444444445 0.06979166666666667 0.1310185185185185
3 0.46315104166666665 0.612037037037037 0.04140625 0.0712962962962963
4 0.45625 0.8895833333333333 0.1296875 0.11435185185185186
5 0.248828125 0.2824074074074074 0.03828125 0.2351851851851852
7 0.38450520833333335 0.33773148148148147 0.06067708333333333 0.23287037037037037
8 0.5872395833333334 0.4583333333333333 0.0625 0.19444444444444445
9 0.3509114583333333 0.6708333333333333 0.05078125 0.08611111111111111
11 0.25286458333333334 0.7270833333333333 0.08072916666666667 0.24768518518518517
