1 0.223046875 0.2916666666666667 0.04244791666666667 0.07222222222222222
2 0.17330729166666667 0.5199074074074074 0.09140625 0.14722222222222223
2 0.36432291666666666 0.27824074074074073 0.08385416666666666 0.15
2 0.6584635416666667 0.19699074074074074 0.07578125 0.1310185185185185
3 0.5890625 0.4303240740740741 0.0390625 0.06898148148148148
4 0.7360677083333333 0.47337962962962965 0.054427083333333334 0.22175925925925927
5 0.3756510416666667 0.7620370370370371 0.13255208333333332 0.06944444444444445
7 0.42916666666666664 0.5287037037037037 0.1328125 0.12129629629629629
8 0.5236979166666667 0.1884259259259259 0.10677083333333333 0.12222222222222222
9 0.608203125 0.6224537037037037 0.04609375 0.0875
10 0.21692708333333333 0.06712962962962964 0.06875 0.11666666666666667
11 0.6286458333333333 0.8 0.1421875 0.11944444444444445
