1 0.21184895833333334 0.3162037037037037 0.04348958333333333 0.07407407407407407
2 0.181640625 0.5527777777777778 0.09192708333333334 0.1398148148148148
2 0.35299479166666664 0.2689814814814815 0.08619791666666667 0.15092592592592594
2 0.6391927083333333 0.13032407407407406 0.07161458333333333 0.12824074074074074
3 0.5865885416666666 0.37175925925925923 0.03984375 0.07222222222222222
4 0.734375 0.38449074074074074 0.06614583333333333 0.22175925925925927
5 0.3990885416666667 0.7474537037037037 0.13098958333333333 0.06712962962962964
7 0.43645833333333334 0.5039351851851852 0.12916666666666668 0.11157407407407408
8 0.5067708333333333 0.15208333333333332 0.109375 0.1125
9 0.6192708333333333 0.5590277777777778 0.04895833333333333 0.08194444444444444
10 0.19049479166666666 0.09236111111111112 0.07109375 0.12361111111111112
11 0.6493489583333333 0.7280092592592593 0.13932291666666666 0.1449074074074074
