0 0.3143229166666667 0.22013888888888888 0.043229166666666666 0.19768518518518519
1 0.252734375 0.6247685185185186 0.04453125 0.06898148148148148
2 0.3690104166666667 0.480787037037037 0.07708333333333334 0.13842592592592592
2 0.281640625 0.8634259259259259 0.07265625 0.1175925925925926
2 0.594921875 0.14699074074074073 0.07369791666666667 0.12638888888888888
3 0.6014322916666667 0.40532407407407406 0.040364583333333336 0.07824074074074074
4 0.740625 0.3143518518518518 0.10104166666666667 0.19444444444444445
5 0.5201822916666666 0.8840277777777777 0.12526041666666668 0.14675925925925926
7 0.5005208333333333 0.6386574074074074 0.13333333333333333 0.17546296296296296
8 0.4798177083333333 0.2689814814814815 0.10807291666666667 0.10925925925925926
9 0.6744791666666666 0.5567129629629629 0.049479166666666664 0.08657407407407407
10 0.17760416666666667 0.4358796296296296 0.06979166666666667 0.12175925925925926
11 0.7359375 0.6842592592592592 0.11145833333333334 0.20925925925925926
