1 0.31536458333333334 0.0375 0.036458333333333336 0.06481481481481481
2 0.197265625 0.15648148148148147 0.07578125 0.14074074074074075
2 0.4236979166666667 0.18125 0.06458333333333334 0.11527777777777778
2 0.6834635416666667 0.4497685185185185 0.08515625 0.14305555555555555
3 0.5438802083333333 0.5444444444444444 0.04140625 0.07407407407407407
4 0.6407552083333333 0.7548611111111111 0.08359375 0.21805555555555556
5 0.25729166666666664 0.5631944444444444 0.1109375 0.1865740740740741
7 0.3829427083333333 0.44027777777777777 0.12421875 0.2175925925925926
8 0.5731770833333333 0.2828703703703704 0.08072916666666667 0.17685185185185184
9 0.48736979166666666 0.7180555555555556 0.045572916666666664 0.08796296296296297
11 0.43841145833333334 0.8657407407407407 0.14140625 0.16018518518518518
