1 0.2752604166666667 0.1398148148148148 0.04375 0.07592592592592592
2 0.17877604166666666 0.3020833333333333 0.08828125 0.16157407407407406
2 0.404296875 0.22615740740740742 0.07421875 0.1300925925925926
2 0.6912760416666667 0.3662037037037037 0.08880208333333334 0.14814814814814814
3 0.573828125 0.5261574074074075 0.04192708333333333 0.07731481481481481
4 0.6967447916666667 0.6777777777777778 0.05963541666666667 0.22777777777777777
5 0.29973958333333334 0.6738425925925926 0.12708333333333333 0.15324074074074073
7 0.4016927083333333 0.5 0.13515625 0.1962962962962963
8 0.5666666666666667 0.25462962962962965 0.09375 0.1537037037037037
9 0.5438802083333333 0.7159722222222222 0.046614583333333334 0.08194444444444444
11 0.521875 0.8805555555555555 0.14270833333333333 0.10833333333333334
