0 0.7147135416666667 0.6206018518518519 0.03567708333333333 0.21805555555555556
1 0.689453125 0.20810185185185184 0.04296875 0.06712962962962964
2 0.6104166666666667 0.39189814814814816 0.0625 0.12638888888888888
2 0.45026041666666666 0.8608796296296296 0.08229166666666667 0.1439814814814815
3 0.40143229166666666 0.5962962962962963 0.04296875 0.07685185185185185
4 0.2774739583333333 0.7671296296296296 0.12421875 0.16203703703703703
5 0.401953125 0.1136574074074074 0.10651041666666666 0.1837962962962963
7 0.462890625 0.30995370370370373 0.12161458333333333 0.2152777777777778
8 0.5490885416666667 0.6585648148148148 0.10546875 0.14027777777777778
9 0.30572916666666666 0.48912037037037037 0.049479166666666664 0.0875
10 0.796484375 0.34050925925925923 0.07109375 0.11064814814814815
11 0.22708333333333333 0.4050925925925926 0.09270833333333334 0.2361111111111111
