0 0.70234375 0.694675925925926 0.035416666666666666 0.2162037037037037
1 0.7287760416666667 0.2828703703703704 0.04401041666666667 0.07222222222222222
2 0.6826822916666667 0.06944444444444445 0.06953125 0.1175925925925926
2 0.6251302083333333 0.4289351851851852 0.06953125 0.12916666666666668
2 0.40989583333333335 0.8222222222222222 0.078125 0.1361111111111111
3 0.39752604166666666 0.5444444444444444 0.04348958333333333 0.07777777777777778
4 0.25559895833333335 0.663425925925926 0.10755208333333334 0.19722222222222222
5 0.46184895833333334 0.08333333333333333 0.11848958333333333 0.1527777777777778
7 0.49244791666666665 0.2902777777777778 0.13125 0.1814814814814815
8 0.5295572916666667 0.6625 0.10963541666666667 0.11851851851851852
9 0.32057291666666665 0.40370370370370373 0.04895833333333333 0.08888888888888889
10 0.8165364583333333 0.4525462962962963 0.07109375 0.11527777777777778
11 0.25364583333333335 0.29074074074074074 0.1125 0.21203703703703702
