0 0.728125 0.46944444444444444 0.06666666666666667 0.19814814814814816
1 0.6223958333333334 0.10185185185185185 0.04479166666666667 0.075
2 0.5850260416666667 0.3189814814814815 0.07213541666666666 0.1361111111111111
2 0.5317708333333333 0.8564814814814815 0.08385416666666666 0.1527777777777778
3 0.43190104166666665 0.6435185185185185 0.04244791666666667 0.075
4 0.34869791666666666 0.8875 0.13020833333333334 0.09074074074074075
5 0.33177083333333335 0.1849537037037037 0.07604166666666666 0.21805555555555556
7 0.43138020833333335 0.3351851851851852 0.09869791666666666 0.2361111111111111
8 0.58671875 0.6076388888888888 0.08385416666666666 0.1763888888888889
9 0.31979166666666664 0.6018518518518519 0.04635416666666667 0.08796296296296297
10 0.7481770833333333 0.15601851851851853 0.06354166666666666 0.11666666666666667
11 0.228515625 0.580787037037037 0.05651041666666667 0.25972222222222224
