0 0.6579427083333333 0.8236111111111111 0.06067708333333333 0.20833333333333334
1 0.755859375 0.44004629629629627 0.04244791666666667 0.06712962962962964
2 0.7459635416666667 0.20671296296296296 0.07317708333333334 0.12731481481481483
2 0.6307291666666667 0.5252314814814815 0.08177083333333333 0.14212962962962963
2 0.359765625 0.7872685185185185 0.06744791666666666 0.10787037037037037
3 0.39231770833333335 0.5166666666666667 0.04088541666666667 0.07407407407407407
4 0.24088541666666666 0.555324074074074 0.08020833333333334 0.2162037037037037
5 0.5274739583333333 0.1111111111111111 0.11848958333333333 0.10185185185185185
7 0.52421875 0.3287037037037037 0.13020833333333334 0.1398148148148148
8 0.4973958333333333 0.7023148148148148 0.1109375 0.1
9 0.34283854166666666 0.3418981481481482 0.047135416666666666 0.0837962962962963
10 0.8130208333333333 0.6516203703703703 0.06614583333333333 0.11435185185185186
11 0.29921875 0.2023148148148148 0.12604166666666666 0.16203703703703703
