1 0.26536458333333335 0.17314814814814813 0.043229166666666666 0.07222222222222222
2 0.173828125 0.34953703703703703 0.09036458333333333 0.15
2 0.397265625 0.24027777777777778 0.07421875 0.13333333333333333
2 0.6907552083333334 0.3375 0.08463541666666667 0.14629629629629629
3 0.578515625 0.513425925925926 0.03984375 0.07314814814814814
4 0.7106770833333333 0.6486111111111111 0.05 0.22685185185185186
5 0.31302083333333336 0.6983796296296296 0.12864583333333332 0.12916666666666668
7 0.40872395833333336 0.5113425925925926 0.13828125 0.1736111111111111
8 0.559765625 0.24282407407407408 0.10026041666666667 0.15046296296296297
9 0.5583333333333333 0.7106481481481481 0.04583333333333333 0.08888888888888889
11 0.5466145833333333 0.8736111111111111 0.14583333333333334 0.09074074074074075
