0 0.32890625 0.19675925925925927 0.06927083333333334 0.18796296296296297
2 0.61484375 0.23703703703703705 0.0703125 0.12037037037037036
1 0.2171875 0.5648148148148148 0.04479166666666667 0.075
3 0.5861979166666667 0.49907407407407406 0.04010416666666667 0.07685185185185185
5 0.4401041666666667 0.9282407407407407 0.128125 0.10277777777777777
7 0.4513020833333333 0.680324074074074 0.13385416666666666 0.14212962962962963
8 0.48385416666666664 0.3071759259259259 0.1125 0.1087962962962963
9 0.6338541666666667 0.6722222222222223 0.052083333333333336 0.09074074074074075
10 0.17135416666666667 0.34953703703703703 0.06979166666666667 0.12314814814814815
11 0.6802083333333333 0.8310185185185185 0.13333333333333333 0.17962962962962964
2 0.3489583333333333 0.4752314814814815 0.08229166666666667 0.14675925925925926
2 0.21354166666666666 0.8092592592592592 0.084375 0.1388888888888889
4 0.7354166666666667 0.46550925925925923 0.08333333333333333 0.22175925925925927
