0 0.58984375 0.8960648148148148 0.0921875 0.18101851851851852
1 0.75703125 0.5923611111111111 0.04479166666666667 0.07083333333333333
2 0.793359375 0.3662037037037037 0.08619791666666667 0.14814814814814814
2 0.61875 0.6020833333333333 0.08125 0.14212962962962963
2 0.31484375 0.6861111111111111 0.0796875 0.13055555555555556
3 0.39596354166666664 0.4511574074074074 0.040364583333333336 0.07083333333333333
4 0.24856770833333333 0.4013888888888889 0.04088541666666667 0.2222222222222222
5 0.6016927083333333 0.14467592592592593 0.12057291666666667 0.08009259259259259
7 0.5549479166666667 0.34791666666666665 0.125 0.11712962962962963
8 0.45859375 0.6895833333333333 0.1078125 0.12731481481481483
9 0.3834635416666667 0.26157407407407407 0.045572916666666664 0.08888888888888889
10 0.771484375 0.830787037037037 0.07161458333333333 0.11342592592592593
11 0.36627604166666666 0.10324074074074074 0.13203125 0.10555555555555556
