0 0.6912760416666667 0.3162037037037037 0.09088541666666666 0.16296296296296298
2 0.5365885416666667 0.2388888888888889 0.07942708333333333 0.15
2 0.568359375 0.775 0.07526041666666666 0.15185185185185185
3 0.4415364583333333 0.6261574074074074 0.040364583333333336 0.08194444444444444
4 0.3997395833333333 0.8974537037037037 0.12864583333333332 0.08287037037037037
5 0.2721354166666667 0.23541666666666666 0.051041666666666666 0.22824074074074074
7 0.39361979166666666 0.33032407407407405 0.07057291666666667 0.2337962962962963
8 0.5807291666666666 0.5226851851851851 0.071875 0.18888888888888888
9 0.32643229166666665 0.64375 0.05026041666666667 0.08472222222222223
11 0.22408854166666667 0.6701388888888888 0.05755208333333333 0.2587962962962963
