0 0.6309895833333333 0.10462962962962963 0.11458333333333333 0.08888888888888889
2 0.4803385416666667 0.17407407407407408 0.07578125 0.13333333333333333
2 0.657421875 0.6055555555555555 0.07057291666666667 0.12314814814814815
3 0.5063802083333333 0.5923611111111111 0.04192708333333333 0.07083333333333333
4 0.5484375 0.8553240740740741 0.11510416666666666 0.17083333333333334
5 0.24440104166666668 0.4023148148148148 0.07421875 0.22777777777777777
7 0.38190104166666666 0.3800925925925926 0.09192708333333334 0.24444444444444444
8 0.5951822916666667 0.37962962962962965 0.05807291666666667 0.19444444444444445
9 0.41354166666666664 0.7074074074074074 0.04791666666666667 0.08611111111111111
11 0.33229166666666665 0.8173611111111111 0.11354166666666667 0.22916666666666666
