0 0.6036458333333333 0.06712962962962964 0.115625 0.07314814814814814
2 0.4578125 0.1699074074074074 0.07708333333333334 0.13240740740740742
2 0.6647135416666666 0.5583333333333333 0.07734375 0.13148148148148148
3 0.5131510416666667 0.5824074074074074 0.04244791666666667 0.0712962962962963
4 0.575390625 0.8335648148148148 0.10651041666666666 0.1865740740740741
5 0.237109375 0.4527777777777778 0.08880208333333334 0.2222222222222222
7 0.3751302083333333 0.3976851851851852 0.10442708333333334 0.2388888888888889
8 0.5864583333333333 0.34699074074074077 0.06197916666666667 0.1884259259259259
9 0.43020833333333336 0.7196759259259259 0.04895833333333333 0.08101851851851852
11 0.358203125 0.8425925925925926 0.12421875 0.20833333333333334
