0 0.6940104166666666 0.32037037037037036 0.08645833333333333 0.16296296296296298
2 0.5373697916666667 0.24282407407407408 0.07786458333333333 0.14583333333333334
2 0.5688802083333333 0.7803240740740741 0.07526041666666666 0.1412037037037037
3 0.4420572916666667 0.6291666666666667 0.039322916666666666 0.07407407407407407
4 0.4015625 0.8983796296296296 0.13020833333333334 0.08101851851851852
5 0.27265625 0.2388888888888889 0.051041666666666666 0.225
7 0.39375 0.3347222222222222 0.06927083333333334 0.2351851851851852
8 0.5811197916666667 0.5231481481481481 0.07265625 0.18981481481481483
9 0.32864583333333336 0.6472222222222223 0.05 0.08796296296296297
11 0.22486979166666668 0.6701388888888888 0.055989583333333336 0.2587962962962963
