1 0.294921875 0.08842592592592592 0.04192708333333333 0.07777777777777778
2 0.18841145833333334 0.22453703703703703 0.08619791666666667 0.14722222222222223
2 0.41796875 0.20092592592592592 0.06927083333333334 0.11388888888888889
2 0.6920572916666666 0.4083333333333333 0.08723958333333333 0.14722222222222223
3 0.5618489583333334 0.5351851851851852 0.03984375 0.075
4 0.6727864583333333 0.7212962962962963 0.07005208333333333 0.22407407407407406
5 0.27825520833333334 0.617824074074074 0.11848958333333333 0.1699074074074074
7 0.39427083333333335 0.47129629629629627 0.1328125 0.2101851851851852
8 0.5751302083333333 0.2675925925925926 0.08776041666666666 0.1675925925925926
9 0.5153645833333333 0.7189814814814814 0.053125 0.08796296296296297
11 0.4828125 0.8752314814814814 0.14322916666666666 0.13935185185185187
