0 0.37864583333333335 0.8819444444444444 0.121875 0.06388888888888888
1 0.625 0.8703703703703703 0.042708333333333334 0.0824074074074074
2 0.74140625 0.7467592592592592 0.0796875 0.1388888888888889
2 0.5169270833333334 0.7016203703703704 0.06927083333333334 0.1162037037037037
2 0.2643229166666667 0.3988425925925926 0.0796875 0.1476851851851852
3 0.4122395833333333 0.32407407407407407 0.04114583333333333 0.075
4 0.32708333333333334 0.11921296296296297 0.090625 0.2013888888888889
5 0.6854166666666667 0.350462962962963 0.10520833333333333 0.19722222222222222
7 0.5651041666666666 0.4351851851851852 0.11979166666666667 0.22314814814814815
8 0.36692708333333335 0.5738425925925926 0.07760416666666667 0.19212962962962962
9 0.4747395833333333 0.17314814814814813 0.050520833333333334 0.08703703703703704
