1 0.20364583333333333 0.32685185185185184 0.04583333333333333 0.07685185185185185
2 0.18190104166666668 0.5701388888888889 0.09036458333333333 0.1375
2 0.3430989583333333 0.26689814814814816 0.08463541666666667 0.14305555555555555
2 0.6233072916666667 0.09722222222222222 0.07213541666666666 0.12129629629629629
3 0.5795572916666667 0.3439814814814815 0.04192708333333333 0.07592592592592592
4 0.728515625 0.34097222222222223 0.06953125 0.2199074074074074
5 0.4083333333333333 0.7402777777777778 0.13072916666666667 0.07685185185185185
7 0.4361979166666667 0.4898148148148148 0.1328125 0.12037037037037036
8 0.49322916666666666 0.13425925925925927 0.11145833333333334 0.11296296296296296
9 0.6200520833333333 0.524074074074074 0.04739583333333333 0.08703703703703704
10 0.173046875 0.11064814814814815 0.07161458333333333 0.12222222222222222
11 0.6553385416666667 0.6891203703703703 0.13828125 0.15416666666666667
