0 0.6559895833333333 0.8298611111111112 0.0625 0.2023148148148148
1 0.7565104166666666 0.44814814814814813 0.04375 0.06481481481481481
2 0.7509114583333333 0.2127314814814815 0.07317708333333334 0.12916666666666668
2 0.6307291666666667 0.5291666666666667 0.07760416666666667 0.13796296296296295
2 0.35651041666666666 0.7837962962962963 0.0671875 0.11018518518518519
3 0.39283854166666665 0.5157407407407407 0.03984375 0.07407407407407407
4 0.24036458333333333 0.5488425925925926 0.078125 0.21157407407407408
5 0.5325520833333334 0.11157407407407408 0.11875 0.10648148148148148
7 0.5255208333333333 0.3277777777777778 0.1296875 0.13425925925925927
8 0.49453125 0.705324074074074 0.11197916666666667 0.10324074074074074
9 0.3458333333333333 0.3386574074074074 0.05 0.08472222222222223
10 0.8125 0.6625 0.06822916666666666 0.11666666666666667
11 0.30104166666666665 0.19444444444444445 0.12864583333333332 0.16203703703703703
