0 0.6916666666666667 0.3159722222222222 0.09375 0.17175925925925925
2 0.53671875 0.24189814814814814 0.08072916666666667 0.14583333333333334
2 0.569921875 0.7777777777777778 0.07421875 0.14629629629629629
3 0.4412760416666667 0.6263888888888889 0.04192708333333333 0.07407407407407407
4 0.40130208333333334 0.8905092592592593 0.1296875 0.09305555555555556
5 0.27044270833333334 0.2324074074074074 0.05234375 0.22592592592592592
7 0.3907552083333333 0.33217592592592593 0.07421875 0.23564814814814813
8 0.580078125 0.5217592592592593 0.07317708333333334 0.19444444444444445
9 0.328125 0.6451388888888889 0.05 0.08564814814814815
11 0.223046875 0.6678240740740741 0.054427083333333334 0.25787037037037036
