0 0.7287760416666667 0.5474537037037037 0.05078125 0.2125
1 0.657421875 0.15185185185185185 0.04244791666666667 0.075
2 0.6001302083333333 0.3592592592592593 0.06796875 0.12407407407407407
2 0.49973958333333335 0.8784722222222222 0.08229166666666667 0.15416666666666667
3 0.4200520833333333 0.6391203703703704 0.04375 0.07824074074074074
4 0.31861979166666665 0.8527777777777777 0.13151041666666666 0.12222222222222222
5 0.3631510416666667 0.16041666666666668 0.08880208333333334 0.2023148148148148
7 0.44622395833333334 0.3335648148148148 0.10546875 0.2273148148148148
8 0.5739583333333333 0.6446759259259259 0.0953125 0.16157407407407406
9 0.3143229166666667 0.569212962962963 0.049479166666666664 0.09398148148148149
10 0.7772135416666667 0.2414351851851852 0.07109375 0.11342592592592593
11 0.22434895833333332 0.5148148148148148 0.07213541666666666 0.25555555555555554
