0 0.47734375 0.9358796296296297 0.11302083333333333 0.11805555555555555
1 0.7002604166666667 0.7627314814814815 0.043229166666666666 0.07824074074074074
2 0.5677083333333334 0.6789351851851851 0.075 0.12824074074074074
2 0.78125 0.5668981481481481 0.08854166666666667 0.14675925925925926
2 0.26510416666666664 0.5627314814814814 0.08645833333333333 0.14675925925925926
3 0.3888020833333333 0.39537037037037037 0.0421875 0.075
4 0.2630208333333333 0.2516203703703704 0.058333333333333334 0.2199074074074074
5 0.64765625 0.2349537037037037 0.1203125 0.13657407407407407
7 0.5580729166666667 0.39675925925925926 0.13072916666666667 0.17685185185185184
8 0.4 0.6643518518518519 0.09895833333333333 0.15925925925925927
9 0.4153645833333333 0.2101851851851852 0.0453125 0.08703703703703704
11 0.43203125 0.06365740740740741 0.13177083333333334 0.08842592592592592
