0 0.59609375 0.053703703703703705 0.11354166666666667 0.07777777777777778
2 0.45208333333333334 0.17083333333333334 0.07447916666666667 0.13055555555555556
2 0.6670572916666667 0.5449074074074074 0.07682291666666667 0.13240740740740742
3 0.5165364583333333 0.575462962962963 0.040364583333333336 0.075
4 0.583203125 0.8243055555555555 0.10911458333333333 0.19953703703703704
5 0.23541666666666666 0.4650462962962963 0.0921875 0.2152777777777778
7 0.37278645833333335 0.4013888888888889 0.10494791666666667 0.24166666666666667
8 0.5841145833333333 0.3386574074074074 0.06510416666666667 0.1875
9 0.434375 0.7185185185185186 0.04739583333333333 0.08888888888888889
11 0.36497395833333335 0.8462962962962963 0.12473958333333333 0.20833333333333334
2 0.23489583333333333 0.059722222222222225 0.0671875 0.1175925925925926
