0 0.44192708333333336 0.9351851851851852 0.1203125 0.0962962962962963
1 0.678125 0.8097222222222222 0.041666666666666664 0.07407407407407407
2 0.5494791666666666 0.6958333333333333 0.07395833333333333 0.12129629629629629
2 0.7721354166666666 0.6347222222222222 0.08697916666666666 0.14722222222222223
2 0.2591145833333333 0.5148148148148148 0.08489583333333334 0.14814814814814814
3 0.3932291666666667 0.3787037037037037 0.03958333333333333 0.075
4 0.2786458333333333 0.21226851851851852 0.071875 0.22546296296296298
5 0.6614583333333334 0.274537037037037 0.115625 0.15833333333333333
7 0.5596354166666667 0.4162037037037037 0.12864583333333332 0.1935185185185185
8 0.38723958333333336 0.6453703703703704 0.09114583333333333 0.17037037037037037
9 0.43125 0.1997685185185185 0.046875 0.08935185185185185
11 0.46041666666666664 0.060648148148148145 0.13229166666666667 0.10925925925925926
