0 0.6407552083333333 0.8608796296296296 0.06848958333333334 0.19768518518518519
1 0.7626302083333333 0.4928240740740741 0.04192708333333333 0.06712962962962964
2 0.7661458333333333 0.25787037037037036 0.078125 0.13425925925925927
2 0.6299479166666667 0.5567129629629629 0.07916666666666666 0.14027777777777778
2 0.34466145833333334 0.7668981481481482 0.07161458333333333 0.11064814814814815
3 0.3938802083333333 0.5025462962962963 0.03984375 0.06898148148148148
4 0.24192708333333332 0.5164351851851852 0.06927083333333334 0.21712962962962962
5 0.5545572916666667 0.12337962962962963 0.12005208333333334 0.08842592592592592
7 0.5352864583333333 0.3372685185185185 0.12630208333333334 0.11157407407407408
8 0.4864583333333333 0.7092592592592593 0.11197916666666667 0.10740740740740741
9 0.35572916666666665 0.3178240740740741 0.049479166666666664 0.08287037037037037
10 0.8057291666666667 0.7131944444444445 0.06875 0.11712962962962963
11 0.31979166666666664 0.17222222222222222 0.13020833333333334 0.14537037037037037
