0 0.3223958333333333 0.19652777777777777 0.0515625 0.19768518518518519
1 0.23763020833333334 0.5881944444444445 0.04244791666666667 0.06712962962962964
2 0.606640625 0.16967592592592592 0.07109375 0.12638888888888888
2 0.3625 0.46828703703703706 0.078125 0.1412037037037037
2 0.254296875 0.830324074074074 0.07786458333333333 0.12638888888888888
3 0.5985677083333333 0.43287037037037035 0.03984375 0.07037037037037037
4 0.7444010416666667 0.36412037037037037 0.09244791666666667 0.2013888888888889
5 0.4901041666666667 0.8909722222222223 0.12552083333333333 0.1310185185185185
7 0.48151041666666666 0.6465277777777778 0.13177083333333334 0.15601851851851853
8 0.48580729166666664 0.26990740740740743 0.10703125 0.09351851851851851
9 0.6614583333333334 0.5946759259259259 0.050520833333333334 0.08194444444444444
10 0.17552083333333332 0.3814814814814815 0.06666666666666667 0.11944444444444445
11 0.7180989583333334 0.7344907407407407 0.12057291666666667 0.1912037037037037
