1 0.22604166666666667 0.28425925925925927 0.044270833333333336 0.06944444444444445
2 0.17213541666666668 0.5097222222222222 0.09479166666666666 0.14907407407407408
2 0.3658854166666667 0.2789351851851852 0.08177083333333333 0.1449074074074074
2 0.6606770833333333 0.2152777777777778 0.08020833333333334 0.13796296296296295
3 0.587890625 0.44027777777777777 0.040364583333333336 0.0712962962962963
4 0.7330729166666666 0.49583333333333335 0.050520833333333334 0.22407407407407406
5 0.36953125 0.7645833333333333 0.13177083333333334 0.07175925925925926
7 0.42734375 0.53125 0.13229166666666667 0.12824074074074074
8 0.5274739583333333 0.19467592592592592 0.10859375 0.12638888888888888
9 0.6036458333333333 0.6363425925925926 0.05 0.08564814814814815
10 0.22096354166666668 0.06643518518518518 0.07473958333333333 0.11157407407407408
11 0.621875 0.8155092592592592 0.14270833333333333 0.1125
