0 0.32369791666666664 0.1925925925925926 0.052083333333333336 0.19537037037037036
1 0.23528645833333334 0.5793981481481482 0.04088541666666667 0.07083333333333333
2 0.608203125 0.17407407407407408 0.07005208333333333 0.12129629629629629
2 0.36041666666666666 0.46550925925925923 0.07916666666666666 0.13935185185185187
2 0.24739583333333334 0.8252314814814815 0.078125 0.12824074074074074
3 0.5966145833333333 0.4386574074074074 0.0390625 0.0699074074074074
4 0.7427083333333333 0.3770833333333333 0.090625 0.20324074074074075
5 0.4830729166666667 0.8944444444444445 0.1265625 0.12407407407407407
7 0.47734375 0.6479166666666667 0.13229166666666667 0.1550925925925926
8 0.486328125 0.27337962962962964 0.10807291666666667 0.09490740740740741
9 0.658203125 0.6050925925925926 0.05078125 0.0787037037037037
10 0.17408854166666668 0.37592592592592594 0.06640625 0.11851851851851852
11 0.7123697916666667 0.7488425925925926 0.12109375 0.1884259259259259
