0 0.33229166666666665 0.19583333333333333 0.0671875 0.1962962962962963
1 0.214453125 0.5627314814814814 0.04244791666666667 0.07731481481481481
2 0.34713541666666664 0.4791666666666667 0.08385416666666666 0.14722222222222223
2 0.21341145833333333 0.8094907407407408 0.08359375 0.13657407407407407
2 0.616796875 0.23842592592592593 0.06692708333333333 0.12314814814814815
3 0.5865885416666666 0.4976851851851852 0.04088541666666667 0.075
4 0.7348958333333333 0.4664351851851852 0.08125 0.21805555555555556
5 0.44114583333333335 0.9289351851851851 0.13072916666666667 0.1087962962962963
7 0.4518229166666667 0.6800925925925926 0.13177083333333334 0.13796296296296295
8 0.48736979166666666 0.31203703703703706 0.11484375 0.10277777777777777
9 0.6356770833333333 0.6756944444444445 0.049479166666666664 0.0837962962962963
10 0.17005208333333333 0.3474537037037037 0.06875 0.12638888888888888
11 0.6825520833333333 0.8277777777777777 0.13020833333333334 0.175
