1 0.300390625 0.07662037037037037 0.04296875 0.06620370370370371
2 0.18919270833333332 0.21064814814814814 0.07890625 0.14722222222222223
2 0.41901041666666666 0.1960648148148148 0.0671875 0.11342592592592593
2 0.6921875 0.42106481481481484 0.08489583333333334 0.14675925925925926
3 0.5579427083333334 0.5423611111111111 0.04140625 0.0699074074074074
4 0.6654947916666667 0.7324074074074074 0.07578125 0.2212962962962963
5 0.2733072916666667 0.6060185185185185 0.11953125 0.17777777777777778
7 0.39010416666666664 0.4625 0.128125 0.21203703703703702
8 0.5764322916666667 0.27199074074074076 0.08411458333333334 0.16898148148148148
9 0.5096354166666667 0.7206018518518519 0.0484375 0.08657407407407407
11 0.47174479166666666 0.8770833333333333 0.14036458333333332 0.1412037037037037
