0 0.6203125 0.09282407407407407 0.11354166666666667 0.08101851851851852
2 0.46927083333333336 0.17175925925925925 0.07760416666666667 0.1425925925925926
2 0.6608072916666666 0.5828703703703704 0.07213541666666666 0.13148148148148148
3 0.509375 0.5907407407407408 0.04375 0.07777777777777778
4 0.55859375 0.850462962962963 0.1140625 0.18055555555555555
5 0.237890625 0.42407407407407405 0.07734375 0.22407407407407406
7 0.37864583333333335 0.3900462962962963 0.0953125 0.24675925925925926
8 0.5903645833333333 0.36527777777777776 0.0625 0.18981481481481483
9 0.4203125 0.7131944444444445 0.04739583333333333 0.0875
11 0.341796875 0.8291666666666667 0.11744791666666667 0.2212962962962963
