0 0.5377604166666666 0.9141203703703704 0.1046875 0.15138888888888888
1 0.7354166666666667 0.6675925925925926 0.042708333333333334 0.07685185185185185
2 0.7950520833333333 0.45185185185185184 0.08802083333333334 0.14907407407407408
2 0.5966145833333333 0.632175925925926 0.07864583333333333 0.13564814814814816
2 0.28932291666666665 0.6175925925925926 0.0859375 0.14166666666666666
3 0.3919270833333333 0.4148148148148148 0.043229166666666666 0.075
4 0.2515625 0.3143518518518518 0.03958333333333333 0.22407407407407406
5 0.6276041666666666 0.17152777777777778 0.12395833333333334 0.10694444444444444
7 0.5591145833333333 0.3611111111111111 0.13177083333333334 0.15092592592592594
8 0.42994791666666665 0.674074074074074 0.10885416666666667 0.1398148148148148
9 0.39817708333333335 0.21828703703703703 0.04635416666666667 0.0875
10 0.7268229166666667 0.9078703703703703 0.07239583333333334 0.12037037037037036
11 0.39609375 0.059722222222222225 0.1359375 0.07592592592592592
