0 0.45625 0.9368055555555556 0.11666666666666667 0.10416666666666667
1 0.6877604166666667 0.7893518518518519 0.0421875 0.07222222222222222
2 0.5559895833333334 0.6895833333333333 0.07239583333333334 0.11898148148148148
2 0.7768229166666667 0.60625 0.08697916666666666 0.14583333333333334
2 0.26067708333333334 0.5365740740740741 0.08489583333333334 0.15
3 0.39036458333333335 0.3854166666666667 0.0421875 0.07361111111111111
4 0.271875 0.2298611111111111 0.06666666666666667 0.22083333333333333
5 0.6546875 0.2574074074074074 0.11979166666666667 0.1527777777777778
7 0.5583333333333333 0.4111111111111111 0.13229166666666667 0.19074074074074074
8 0.3924479166666667 0.655787037037037 0.09427083333333333 0.16620370370370371
9 0.42421875 0.20439814814814813 0.0453125 0.09027777777777778
11 0.44609375 0.06157407407407407 0.13385416666666666 0.10092592592592593
