0 0.6932291666666667 0.31157407407407406 0.090625 0.16296296296296298
2 0.5380208333333333 0.24027777777777778 0.07916666666666666 0.14722222222222223
2 0.5721354166666667 0.7793981481481481 0.07552083333333333 0.1449074074074074
3 0.444140625 0.6303240740740741 0.04088541666666667 0.07361111111111111
4 0.4046875 0.9037037037037037 0.13125 0.08425925925925926
5 0.27109375 0.24074074074074073 0.04895833333333333 0.22314814814814815
7 0.39296875 0.3333333333333333 0.06666666666666667 0.23796296296296296
8 0.5842447916666667 0.5222222222222223 0.06953125 0.19907407407407407
9 0.3299479166666667 0.649074074074074 0.0515625 0.07962962962962963
11 0.227734375 0.6791666666666667 0.05807291666666667 0.25462962962962965
