0 0.6184895833333334 0.8796296296296297 0.0796875 0.18981481481481483
1 0.760546875 0.538425925925926 0.04401041666666667 0.07037037037037037
2 0.779296875 0.3034722222222222 0.08307291666666666 0.1412037037037037
2 0.6251302083333333 0.5766203703703704 0.07994791666666666 0.14027777777777778
2 0.3302083333333333 0.7337962962962963 0.07604166666666666 0.12129629629629629
3 0.394140625 0.4837962962962963 0.04140625 0.07685185185185185
4 0.2421875 0.4664351851851852 0.059375 0.22453703703703703
5 0.5733072916666667 0.1326388888888889 0.12057291666666667 0.06620370370370371
7 0.5438802083333333 0.3439814814814815 0.12317708333333334 0.1
8 0.47369791666666666 0.705787037037037 0.10989583333333333 0.11064814814814815
9 0.365234375 0.29375 0.04348958333333333 0.0837962962962963
10 0.7920572916666667 0.7668981481481482 0.07057291666666667 0.1125
11 0.3372395833333333 0.14351851851851852 0.13177083333333334 0.13333333333333333
