0 0.4669270833333333 0.9361111111111111 0.11822916666666666 0.11296296296296296
1 0.6958333333333333 0.7784722222222222 0.041666666666666664 0.07268518518518519
2 0.5627604166666667 0.6851851851851852 0.0734375 0.12222222222222222
2 0.26276041666666666 0.5488425925925926 0.0859375 0.15046296296296297
2 0.7796875 0.5888888888888889 0.0875 0.15
3 0.3888020833333333 0.3909722222222222 0.04114583333333333 0.07083333333333333
4 0.2669270833333333 0.2414351851851852 0.06302083333333333 0.2199074074074074
5 0.6502604166666667 0.24606481481481482 0.12135416666666667 0.1449074074074074
7 0.5583333333333333 0.40324074074074073 0.13020833333333334 0.18611111111111112
8 0.3966145833333333 0.6604166666666667 0.0953125 0.16527777777777777
9 0.41953125 0.2048611111111111 0.0453125 0.08935185185185185
11 0.4390625 0.06180555555555556 0.13229166666666667 0.09675925925925925
