0 0.43255208333333334 0.9310185185185185 0.11927083333333334 0.09259259259259259
1 0.67109375 0.8247685185185185 0.04114583333333333 0.07083333333333333
2 0.5450520833333333 0.7018518518518518 0.0703125 0.11296296296296296
2 0.7700520833333333 0.6592592592592592 0.08489583333333334 0.1425925925925926
2 0.2598958333333333 0.4981481481481482 0.084375 0.14907407407407408
3 0.396875 0.3726851851851852 0.041666666666666664 0.07314814814814814
4 0.2864583333333333 0.19421296296296298 0.07604166666666666 0.21342592592592594
5 0.6666666666666666 0.2863425925925926 0.11458333333333333 0.16342592592592592
7 0.5625 0.42430555555555555 0.128125 0.2013888888888889
8 0.3841145833333333 0.6347222222222222 0.08802083333333334 0.17592592592592593
9 0.440625 0.19675925925925927 0.04583333333333333 0.09166666666666666
11 0.471875 0.059027777777777776 0.12916666666666668 0.11435185185185186
