0 0.695703125 0.3199074074074074 0.08776041666666666 0.1638888888888889
2 0.5393229166666667 0.2423611111111111 0.07864583333333333 0.1412037037037037
2 0.5696614583333334 0.7828703703703703 0.07682291666666667 0.14444444444444443
3 0.4420572916666667 0.6293981481481481 0.040364583333333336 0.07175925925925926
4 0.40260416666666665 0.9013888888888889 0.13333333333333333 0.07685185185185185
5 0.271484375 0.23935185185185184 0.05234375 0.22037037037037038
7 0.392578125 0.3347222222222222 0.06953125 0.24259259259259258
8 0.5829427083333333 0.5256944444444445 0.07109375 0.19212962962962962
9 0.32864583333333336 0.6465277777777778 0.051041666666666666 0.08657407407407407
11 0.225390625 0.6738425925925926 0.055989583333333336 0.25972222222222224
