0 0.5873697916666667 0.04652777777777778 0.11901041666666666 0.08101851851851852
2 0.44674479166666664 0.1673611111111111 0.07421875 0.1310185185185185
2 0.228515625 0.06574074074074074 0.07057291666666667 0.12314814814814815
2 0.6697916666666667 0.5340277777777778 0.07395833333333333 0.14027777777777778
3 0.5186197916666667 0.5745370370370371 0.04244791666666667 0.075
4 0.5873697916666667 0.8180555555555555 0.10598958333333333 0.19444444444444445
5 0.23736979166666666 0.4761574074074074 0.09244791666666667 0.21435185185185185
7 0.37213541666666666 0.40324074074074073 0.109375 0.24166666666666667
8 0.5815104166666667 0.33217592592592593 0.0671875 0.1865740740740741
9 0.43893229166666664 0.7178240740740741 0.05026041666666667 0.08287037037037037
11 0.3703125 0.8474537037037037 0.12916666666666668 0.20416666666666666
