1 0.2203125 0.29467592592592595 0.046875 0.07175925925925926
2 0.17604166666666668 0.5296296296296297 0.09583333333333334 0.15092592592592594
2 0.3611979166666667 0.275 0.08385416666666666 0.14907407407407408
2 0.6520833333333333 0.17314814814814813 0.07916666666666666 0.13518518518518519
3 0.5888020833333333 0.4076388888888889 0.03958333333333333 0.07083333333333333
4 0.7376302083333334 0.44074074074074077 0.06067708333333333 0.22407407407407406
5 0.38619791666666664 0.756712962962963 0.13072916666666667 0.0625
7 0.4328125 0.518287037037037 0.12916666666666668 0.1125
8 0.5194010416666667 0.17453703703703705 0.10963541666666667 0.11851851851851852
9 0.61328125 0.6002314814814815 0.04895833333333333 0.08472222222222223
10 0.20768229166666666 0.07453703703703704 0.07109375 0.11944444444444445
11 0.6390625 0.7754629629629629 0.14270833333333333 0.12129629629629629
