0 0.3919270833333333 0.8946759259259259 0.12239583333333333 0.06435185185185185
1 0.6380208333333334 0.8638888888888889 0.03958333333333333 0.08148148148148149
2 0.5255208333333333 0.7050925925925926 0.06875 0.11944444444444445
2 0.7502604166666667 0.7277777777777777 0.0796875 0.1398148148148148
2 0.2640625 0.4224537037037037 0.08333333333333333 0.1476851851851852
3 0.40989583333333335 0.33611111111111114 0.040625 0.07592592592592592
4 0.31692708333333336 0.13564814814814816 0.08802083333333334 0.21203703703703702
5 0.6825520833333333 0.3349537037037037 0.1078125 0.1912037037037037
7 0.5651041666666666 0.43425925925925923 0.12291666666666666 0.21851851851851853
8 0.3734375 0.5902777777777778 0.07604166666666666 0.1962962962962963
9 0.4671875 0.18032407407407408 0.04791666666666667 0.08935185185185185
