0 0.5744791666666667 0.03449074074074074 0.11666666666666667 0.05324074074074074
2 0.21705729166666668 0.08935185185185185 0.07161458333333333 0.13333333333333333
2 0.437109375 0.16527777777777777 0.07109375 0.12314814814814815
2 0.671875 0.49907407407407406 0.08020833333333334 0.13703703703703704
3 0.525 0.5587962962962963 0.042708333333333334 0.075
4 0.6046875 0.7916666666666666 0.09635416666666667 0.2074074074074074
5 0.24192708333333332 0.5 0.09947916666666666 0.21203703703703702
7 0.37395833333333334 0.4134259259259259 0.1140625 0.2388888888888889
8 0.5787760416666666 0.3074074074074074 0.07265625 0.18055555555555555
9 0.45559895833333336 0.7157407407407408 0.04453125 0.07685185185185185
11 0.39427083333333335 0.8513888888888889 0.13385416666666666 0.18425925925925926
