0 0.6705729166666666 0.7810185185185186 0.05260416666666667 0.2074074074074074
1 0.746484375 0.38842592592592595 0.04192708333333333 0.07037037037037037
2 0.726953125 0.15810185185185185 0.07057291666666667 0.12638888888888888
2 0.628125 0.49166666666666664 0.0765625 0.13796296296296295
2 0.37330729166666665 0.7932870370370371 0.06848958333333334 0.11527777777777778
3 0.39153645833333334 0.5199074074074074 0.04140625 0.07407407407407407
4 0.241015625 0.5805555555555556 0.08723958333333333 0.20925925925925926
5 0.5055989583333333 0.09328703703703704 0.11796875 0.11712962962962963
7 0.5130208333333334 0.3108796296296296 0.13020833333333334 0.15416666666666667
8 0.505078125 0.6851851851851852 0.11015625 0.10092592592592593
9 0.3328125 0.3539351851851852 0.046875 0.08564814814814815
10 0.8135416666666667 0.5868055555555556 0.06822916666666666 0.11527777777777778
11 0.28033854166666666 0.21921296296296297 0.12057291666666667 0.17546296296296296
