1 0.25299479166666666 0.20532407407407408 0.03984375 0.08101851851851852
2 0.173046875 0.4027777777777778 0.09088541666666666 0.15555555555555556
2 0.3888020833333333 0.25555555555555554 0.08020833333333334 0.13240740740740742
2 0.6889322916666667 0.30486111111111114 0.08307291666666666 0.14212962962962963
3 0.5837239583333333 0.4960648148148148 0.04244791666666667 0.0699074074074074
4 0.7240885416666667 0.612037037037037 0.03828125 0.22870370370370371
5 0.33151041666666664 0.7280092592592593 0.13020833333333334 0.12175925925925926
7 0.416015625 0.5252314814814815 0.13671875 0.16157407407407406
8 0.55625 0.23402777777777778 0.10364583333333334 0.14583333333333334
9 0.5755208333333334 0.6967592592592593 0.04895833333333333 0.08888888888888889
11 0.57265625 0.8673611111111111 0.1453125 0.08194444444444444
