1 0.22604166666666667 0.27546296296296297 0.043229166666666666 0.07314814814814814
2 0.17083333333333334 0.500462962962963 0.09322916666666667 0.14444444444444443
2 0.36822916666666666 0.27708333333333335 0.08072916666666667 0.14305555555555555
2 0.6647135416666666 0.2263888888888889 0.07838541666666667 0.13333333333333333
3 0.587109375 0.4511574074074074 0.038802083333333334 0.07268518518518519
4 0.7341145833333333 0.5125 0.049479166666666664 0.225
5 0.36328125 0.7611111111111111 0.134375 0.075
7 0.42330729166666664 0.5321759259259259 0.13515625 0.12638888888888888
8 0.5282552083333333 0.20092592592592592 0.10911458333333333 0.12314814814814815
9 0.59921875 0.649074074074074 0.046875 0.08981481481481482
11 0.615625 0.8263888888888888 0.14427083333333332 0.10648148148148148
10 0.22825520833333332 0.05763888888888889 0.07005208333333333 0.11342592592592593
