1 0.3065104166666667 0.06157407407407407 0.041666666666666664 0.07592592592592592
2 0.19166666666666668 0.19236111111111112 0.08072916666666667 0.14212962962962963
2 0.41875 0.18958333333333333 0.06875 0.1125
2 0.689453125 0.4289351851851852 0.08411458333333334 0.14305555555555555
3 0.553515625 0.5414351851851852 0.04140625 0.07824074074074074
4 0.6584635416666667 0.7368055555555556 0.07786458333333333 0.21805555555555556
5 0.26809895833333336 0.5909722222222222 0.11744791666666667 0.18472222222222223
7 0.3875 0.45416666666666666 0.12916666666666668 0.2212962962962963
8 0.57421875 0.275 0.08489583333333334 0.16666666666666666
9 0.5018229166666667 0.7210648148148148 0.04791666666666667 0.0837962962962963
10 0.4609375 0.8722222222222222 0.140625 0.14722222222222223
