0 0.66171875 0.18958333333333333 0.10625 0.13194444444444445
2 0.5018229166666667 0.18796296296296297 0.08333333333333333 0.14907407407407408
2 0.6109375 0.6886574074074074 0.06770833333333333 0.12731481481481483
3 0.46770833333333334 0.6064814814814815 0.04114583333333333 0.07407407407407407
4 0.46848958333333335 0.8865740740740741 0.12552083333333333 0.13055555555555556
5 0.24036458333333333 0.3039351851851852 0.04375 0.22916666666666666
7 0.3748697916666667 0.3435185185185185 0.06640625 0.2351851851851852
8 0.585546875 0.4377314814814815 0.05911458333333333 0.1986111111111111
9 0.35846354166666666 0.6770833333333334 0.05078125 0.08472222222222223
11 0.2623697916666667 0.7472222222222222 0.08984375 0.2490740740740741
