0 0.4484375 0.9363425925925926 0.11770833333333333 0.09861111111111111
1 0.68203125 0.8004629629629629 0.0390625 0.07407407407407407
2 0.5536458333333333 0.6953703703703704 0.07083333333333333 0.12037037037037036
2 0.7744791666666667 0.6233796296296297 0.08645833333333333 0.1449074074074074
2 0.25859375 0.524074074074074 0.0828125 0.14814814814814814
3 0.39088541666666665 0.3814814814814815 0.04010416666666667 0.07407407407407407
4 0.27395833333333336 0.21898148148148147 0.06875 0.2222222222222222
5 0.6578125 0.26875 0.11875 0.16157407407407406
7 0.5596354166666667 0.4115740740740741 0.13177083333333334 0.1962962962962963
8 0.38828125 0.649074074074074 0.0921875 0.1712962962962963
9 0.428125 0.2025462962962963 0.04479166666666667 0.09027777777777778
11 0.4546875 0.05856481481481481 0.13125 0.11064814814814815
