0 0.712890625 0.40902777777777777 0.07786458333333333 0.18472222222222223
1 0.583984375 0.06712962962962964 0.04296875 0.06944444444444445
2 0.56328125 0.29282407407407407 0.07708333333333334 0.1412037037037037
2 0.5505208333333333 0.8344907407407407 0.0796875 0.1550925925925926
3 0.43463541666666666 0.6469907407407407 0.04375 0.08194444444444444
4 0.371875 0.90625 0.13125 0.06898148148148148
5 0.30052083333333335 0.21805555555555556 0.06614583333333333 0.225
7 0.41184895833333335 0.34814814814814815 0.08828125 0.23981481481481481
8 0.5852864583333334 0.5819444444444445 0.07786458333333333 0.1925925925925926
9 0.3216145833333333 0.6337962962962963 0.04895833333333333 0.08703703703703704
10 0.7098958333333333 0.0962962962962963 0.06145833333333333 0.12314814814814815
11 0.22291666666666668 0.6333333333333333 0.0484375 0.2537037037037037
