0 0.5434895833333333 0.9120370370370371 0.10052083333333334 0.14907407407407408
1 0.73984375 0.6594907407407408 0.043229166666666666 0.07083333333333333
2 0.7958333333333333 0.4428240740740741 0.08958333333333333 0.14583333333333334
2 0.60078125 0.6270833333333333 0.0796875 0.13564814814814816
2 0.290625 0.6233796296296297 0.084375 0.13657407407407407
3 0.39348958333333334 0.41574074074074074 0.04010416666666667 0.0712962962962963
4 0.2526041666666667 0.3226851851851852 0.0375 0.22592592592592592
5 0.6268229166666667 0.16643518518518519 0.12447916666666667 0.10694444444444444
7 0.5604166666666667 0.35717592592592595 0.13229166666666667 0.1449074074074074
8 0.43463541666666666 0.6731481481481482 0.1078125 0.14166666666666666
9 0.39557291666666666 0.22453703703703703 0.0453125 0.09351851851851851
10 0.7315104166666667 0.8997685185185185 0.07239583333333334 0.1162037037037037
11 0.39505208333333336 0.06180555555555556 0.13489583333333333 0.08009259259259259
