0 0.7231770833333333 0.575 0.05 0.21388888888888888
1 0.666796875 0.17476851851851852 0.04296875 0.07083333333333333
2 0.603125 0.37430555555555556 0.06510416666666667 0.12638888888888888
2 0.482421875 0.8775462962962963 0.08671875 0.15416666666666667
3 0.413671875 0.6303240740740741 0.04348958333333333 0.08009259259259259
4 0.30299479166666665 0.8300925925925926 0.13151041666666666 0.1361111111111111
5 0.3736979166666667 0.14560185185185184 0.09739583333333333 0.2023148148148148
7 0.45078125 0.32731481481481484 0.11354166666666667 0.22592592592592592
8 0.5658854166666667 0.6539351851851852 0.09947916666666666 0.1550925925925926
9 0.310546875 0.5444444444444444 0.05182291666666667 0.08981481481481482
10 0.7833333333333333 0.2743055555555556 0.06927083333333334 0.11064814814814815
11 0.22239583333333332 0.48217592592592595 0.08072916666666667 0.2513888888888889
