0 0.609765625 0.8870370370370371 0.08411458333333334 0.1824074074074074
1 0.760546875 0.5574074074074075 0.04192708333333333 0.07222222222222222
2 0.784765625 0.32430555555555557 0.08411458333333334 0.14305555555555555
2 0.6239583333333333 0.5858796296296296 0.08020833333333334 0.14305555555555555
2 0.32395833333333335 0.718287037037037 0.0765625 0.12361111111111112
3 0.39479166666666665 0.4722222222222222 0.0390625 0.07407407407407407
4 0.24388020833333332 0.444212962962963 0.05390625 0.21898148148148147
5 0.5842447916666667 0.13518518518518519 0.12005208333333334 0.06111111111111111
7 0.5473958333333333 0.3439814814814815 0.125 0.1
8 0.46875 0.7 0.10989583333333333 0.11666666666666667
9 0.37161458333333336 0.2833333333333333 0.04583333333333333 0.08518518518518518
10 0.7868489583333333 0.7900462962962963 0.07109375 0.11342592592592593
11 0.34765625 0.12731481481481483 0.13333333333333333 0.12037037037037036
