0 0.6708333333333333 0.788425925925926 0.052083333333333336 0.20833333333333334
1 0.7486979166666666 0.3902777777777778 0.044270833333333336 0.07592592592592592
2 0.729296875 0.16342592592592592 0.07005208333333333 0.12314814814814815
2 0.6283854166666667 0.4976851851851852 0.07708333333333334 0.13425925925925927
2 0.371875 0.7951388888888888 0.06770833333333333 0.11157407407407408
3 0.392578125 0.524074074074074 0.04140625 0.0712962962962963
4 0.24322916666666666 0.5837962962962963 0.08489583333333334 0.2101851851851852
5 0.5078125 0.09861111111111111 0.11770833333333333 0.11851851851851852
7 0.5138020833333333 0.3143518518518518 0.13072916666666667 0.14722222222222223
8 0.5048177083333333 0.6932870370370371 0.11067708333333333 0.09768518518518518
9 0.33489583333333334 0.3578703703703704 0.0484375 0.08796296296296297
10 0.8151041666666666 0.594212962962963 0.0671875 0.11435185185185186
11 0.283203125 0.22083333333333333 0.12161458333333333 0.1787037037037037
