1 0.20403645833333334 0.32731481481481484 0.04401041666666667 0.07407407407407407
2 0.180859375 0.5675925925925925 0.09036458333333333 0.1398148148148148
2 0.3458333333333333 0.2655092592592593 0.084375 0.15416666666666667
2 0.623828125 0.09953703703703703 0.07005208333333333 0.12037037037037036
3 0.582421875 0.3435185185185185 0.03984375 0.07314814814814814
4 0.7290364583333333 0.34050925925925923 0.07057291666666667 0.21342592592592594
5 0.41015625 0.7384259259259259 0.13125 0.08055555555555556
7 0.43697916666666664 0.49074074074074076 0.13020833333333334 0.12037037037037036
8 0.49388020833333335 0.12916666666666668 0.10807291666666667 0.10462962962962963
9 0.6205729166666667 0.5252314814814815 0.04739583333333333 0.08657407407407407
10 0.17408854166666668 0.10462962962962963 0.07057291666666667 0.12407407407407407
11 0.656640625 0.6895833333333333 0.13671875 0.15138888888888888
