9 0.4796875 0.17314814814814813 0.04791666666666667 0.08703703703703704
0 0.37421875 0.8761574074074074 0.12760416666666666 0.06712962962962964
1 0.6169270833333333 0.8756944444444444 0.044270833333333336 0.08194444444444444
2 0.5125 0.6988425925925926 0.06979166666666667 0.11898148148148148
2 0.7361979166666667 0.7569444444444444 0.07864583333333333 0.1388888888888889
2 0.265625 0.3837962962962963 0.078125 0.14722222222222223
3 0.41432291666666665 0.3164351851851852 0.04114583333333333 0.07175925925925926
4 0.3328125 0.1099537037037037 0.09583333333333334 0.19768518518518519
5 0.6864583333333333 0.3592592592592593 0.10104166666666667 0.1962962962962963
7 0.56640625 0.4449074074074074 0.1171875 0.2222222222222222
8 0.36614583333333334 0.5643518518518519 0.071875 0.18888888888888888
