0 0.719140625 0.6081018518518518 0.03984375 0.21898148148148147
1 0.6826822916666667 0.1962962962962963 0.04348958333333333 0.075
2 0.6075520833333333 0.381712962962963 0.0625 0.12546296296296297
2 0.463671875 0.8675925925925926 0.08463541666666667 0.15
3 0.4046875 0.6085648148148148 0.0453125 0.08009259259259259
4 0.28489583333333335 0.7932870370370371 0.1265625 0.15694444444444444
5 0.39153645833333334 0.12546296296296297 0.10182291666666667 0.19166666666666668
7 0.45794270833333334 0.3138888888888889 0.12265625 0.21944444444444444
8 0.5540364583333334 0.6555555555555556 0.10078125 0.15
9 0.3065104166666667 0.5094907407407407 0.05520833333333333 0.09675925925925925
10 0.7916666666666666 0.31689814814814815 0.06770833333333333 0.11805555555555555
11 0.224609375 0.430787037037037 0.08671875 0.24768518518518517
