0 0.5643229166666667 0.9018518518518519 0.09739583333333333 0.15925925925925927
1 0.75 0.6337962962962963 0.04375 0.075
2 0.8002604166666667 0.4099537037037037 0.0890625 0.1439814814814815
2 0.6109375 0.6138888888888889 0.08229166666666667 0.14074074074074075
2 0.30416666666666664 0.6409722222222223 0.08229166666666667 0.13472222222222222
3 0.39817708333333335 0.42800925925925926 0.0421875 0.07731481481481481
4 0.25546875 0.3474537037037037 0.0359375 0.22175925925925927
5 0.6216145833333333 0.15578703703703703 0.12552083333333333 0.09583333333333334
7 0.5625 0.35 0.12916666666666668 0.1388888888888889
8 0.4466145833333333 0.6768518518518518 0.10885416666666667 0.13240740740740742
9 0.3958333333333333 0.2363425925925926 0.04583333333333333 0.09027777777777778
10 0.7515625 0.874537037037037 0.07083333333333333 0.11296296296296296
11 0.38671875 0.07407407407407407 0.13177083333333334 0.08611111111111111
