0 0.687109375 0.7300925925925926 0.04140625 0.2101851851851852
1 0.7424479166666667 0.3261574074074074 0.04479166666666667 0.06805555555555555
2 0.7104166666666667 0.1037037037037037 0.06770833333333333 0.11666666666666667
2 0.6296875 0.4486111111111111 0.07552083333333333 0.13333333333333333
2 0.391796875 0.7932870370370371 0.07317708333333334 0.12361111111111112
3 0.39505208333333336 0.5173611111111112 0.04114583333333333 0.07083333333333333
4 0.2484375 0.6041666666666666 0.0953125 0.2037037037037037
5 0.48658854166666665 0.07361111111111111 0.11744791666666667 0.13518518518518519
7 0.5052083333333334 0.2847222222222222 0.12864583333333332 0.16666666666666666
8 0.5184895833333333 0.6638888888888889 0.11041666666666666 0.10555555555555556
9 0.326953125 0.36018518518518516 0.05026041666666667 0.08703703703703704
10 0.8201822916666667 0.5113425925925926 0.07005208333333333 0.1162037037037037
11 0.27096354166666664 0.2310185185185185 0.11796875 0.19907407407407407
