0 0.31484375 0.2150462962962963 0.0453125 0.20324074074074075
1 0.251171875 0.6175925925925926 0.04140625 0.07407407407407407
2 0.3678385416666667 0.47962962962962963 0.07682291666666667 0.13240740740740742
2 0.5962239583333333 0.15046296296296297 0.07213541666666666 0.13518518518518519
3 0.6016927083333333 0.4050925925925926 0.04088541666666667 0.07407407407407407
4 0.7416666666666667 0.3189814814814815 0.1 0.19166666666666668
5 0.5188802083333334 0.8826388888888889 0.12265625 0.1439814814814815
7 0.49752604166666664 0.6395833333333333 0.13515625 0.17546296296296296
2 0.27825520833333334 0.8592592592592593 0.07630208333333334 0.11944444444444445
8 0.4811197916666667 0.26319444444444445 0.10651041666666666 0.09768518518518518
9 0.6733072916666667 0.5581018518518519 0.04973958333333333 0.08194444444444444
10 0.17630208333333333 0.42592592592592593 0.06510416666666667 0.11574074074074074
11 0.7346354166666667 0.6842592592592592 0.11614583333333334 0.20925925925925926
