0 0.6970052083333333 0.3416666666666667 0.08828125 0.17592592592592593
1 0.5484375 0.0349537037037037 0.050520833333333334 0.06805555555555555
2 0.5430989583333333 0.2537037037037037 0.07630208333333334 0.14629629629629629
2 0.5635416666666667 0.7912037037037037 0.0765625 0.14907407407407408
3 0.437890625 0.6342592592592593 0.04348958333333333 0.07962962962962963
4 0.389453125 0.8962962962962963 0.13307291666666668 0.0787037037037037
5 0.2772135416666667 0.2263888888888889 0.054947916666666666 0.2222222222222222
7 0.39453125 0.331712962962963 0.07552083333333333 0.24305555555555555
8 0.5799479166666667 0.5365740740740741 0.075 0.1962962962962963
9 0.321875 0.6412037037037037 0.050520833333333334 0.08611111111111111
11 0.22096354166666668 0.6613425925925925 0.05234375 0.2587962962962963
