0 0.6631510416666667 0.8099537037037037 0.055989583333333336 0.20601851851851852
1 0.7526041666666666 0.4201388888888889 0.04583333333333333 0.0699074074074074
2 0.7397135416666667 0.18796296296296297 0.07369791666666667 0.13148148148148148
2 0.6302083333333334 0.5164351851851852 0.07760416666666667 0.14027777777777778
2 0.365234375 0.7932870370370371 0.07057291666666667 0.10972222222222222
3 0.392578125 0.5217592592592593 0.04140625 0.07407407407407407
4 0.24244791666666668 0.5685185185185185 0.08333333333333333 0.21296296296296297
5 0.518359375 0.10462962962962963 0.12369791666666667 0.10833333333333334
7 0.51875 0.32222222222222224 0.13020833333333334 0.14722222222222223
8 0.5 0.6993055555555555 0.11197916666666667 0.09953703703703703
9 0.33880208333333334 0.350462962962963 0.04895833333333333 0.08703703703703704
10 0.8138020833333334 0.6259259259259259 0.06770833333333333 0.11481481481481481
11 0.29270833333333335 0.21226851851851852 0.12604166666666666 0.1699074074074074
