0 0.71015625 0.40023148148148147 0.08125 0.1865740740740741
1 0.576171875 0.06087962962962963 0.04140625 0.06620370370370371
2 0.5580729166666667 0.2881944444444444 0.0765625 0.1439814814814815
2 0.5518229166666667 0.8310185185185185 0.08125 0.15
3 0.4356770833333333 0.6481481481481481 0.042708333333333334 0.07407407407407407
4 0.3748697916666667 0.9081018518518519 0.13411458333333334 0.06712962962962964
5 0.29635416666666664 0.22268518518518518 0.06197916666666667 0.22592592592592592
7 0.40859375 0.34699074074074077 0.0796875 0.24212962962962964
8 0.583984375 0.5761574074074074 0.07838541666666667 0.1865740740740741
9 0.32135416666666666 0.6402777777777777 0.04739583333333333 0.08796296296296297
10 0.7041666666666667 0.08796296296296297 0.0640625 0.12037037037037036
11 0.22369791666666666 0.6425925925925926 0.051041666666666666 0.25462962962962965
