0 0.7078125 0.6479166666666667 0.035416666666666666 0.21805555555555556
1 0.7053385416666667 0.2335648148148148 0.04348958333333333 0.07824074074074074
2 0.61640625 0.40671296296296294 0.06510416666666667 0.13194444444444445
2 0.43255208333333334 0.8490740740740741 0.08125 0.14629629629629629
3 0.396875 0.5789351851851852 0.04479166666666667 0.0837962962962963
4 0.2649739583333333 0.7289351851851852 0.12213541666666666 0.17453703703703705
5 0.42083333333333334 0.09976851851851852 0.10989583333333333 0.17175925925925925
7 0.46979166666666666 0.30185185185185187 0.128125 0.20925925925925926
8 0.5408854166666667 0.6608796296296297 0.1078125 0.1310185185185185
9 0.3078125 0.45601851851851855 0.0484375 0.08888888888888889
10 0.8055989583333333 0.3840277777777778 0.07213541666666666 0.11435185185185186
11 0.23111979166666666 0.355787037037037 0.10182291666666667 0.2337962962962963
