0 0.6923177083333333 0.32037037037037036 0.08671875 0.1648148148148148
2 0.5376302083333333 0.24328703703703702 0.07734375 0.14305555555555555
2 0.5688802083333333 0.7754629629629629 0.07734375 0.14537037037037037
3 0.4415364583333333 0.6307870370370371 0.04348958333333333 0.07731481481481481
4 0.4002604166666667 0.8958333333333334 0.12864583333333332 0.07592592592592592
5 0.27317708333333335 0.2388888888888889 0.052083333333333336 0.225
7 0.392578125 0.33217592592592593 0.06953125 0.2337962962962963
8 0.5802083333333333 0.5256944444444445 0.06979166666666667 0.19212962962962962
9 0.32643229166666665 0.6456018518518518 0.05130208333333333 0.08287037037037037
11 0.224609375 0.6701388888888888 0.05546875 0.2587962962962963
