0 0.7069010416666667 0.6784722222222223 0.03619791666666667 0.2162037037037037
1 0.720703125 0.26296296296296295 0.04401041666666667 0.07777777777777778
2 0.6690104166666667 0.05856481481481481 0.07447916666666667 0.11342592592592593
2 0.6229166666666667 0.41759259259259257 0.0671875 0.1287037037037037
2 0.4200520833333333 0.8287037037037037 0.07916666666666666 0.1388888888888889
3 0.395703125 0.5564814814814815 0.04088541666666667 0.07407407407407407
4 0.25833333333333336 0.6847222222222222 0.11510416666666666 0.1824074074074074
5 0.44375 0.0875 0.11354166666666667 0.16296296296296298
7 0.48359375 0.29259259259259257 0.1328125 0.1925925925925926
8 0.5328125 0.6594907407407408 0.1078125 0.1125
9 0.3140625 0.4215277777777778 0.04895833333333333 0.08842592592592592
10 0.812890625 0.42685185185185187 0.07265625 0.1175925925925926
11 0.246484375 0.31296296296296294 0.10963541666666667 0.21296296296296297
