0 0.579296875 0.044444444444444446 0.12109375 0.05925925925925926
2 0.22486979166666668 0.07175925925925926 0.07213541666666666 0.13518518518518519
2 0.44427083333333334 0.1673611111111111 0.07604166666666666 0.12731481481481483
2 0.66796875 0.51875 0.0796875 0.13564814814814816
3 0.5194010416666667 0.5666666666666667 0.04401041666666667 0.07314814814814814
4 0.592578125 0.8055555555555556 0.10130208333333333 0.19907407407407407
5 0.237890625 0.4842592592592593 0.09557291666666666 0.2101851851851852
7 0.371875 0.4027777777777778 0.11197916666666667 0.2351851851851852
8 0.577734375 0.3178240740740741 0.06953125 0.1837962962962963
9 0.4432291666666667 0.7122685185185185 0.04895833333333333 0.08194444444444444
11 0.37942708333333336 0.8474537037037037 0.13020833333333334 0.19212962962962962
