0 0.41015625 0.9127314814814815 0.12447916666666667 0.07175925925925926
1 0.6526041666666667 0.8465277777777778 0.04583333333333333 0.07916666666666666
2 0.53515625 0.7055555555555556 0.06822916666666666 0.10555555555555556
2 0.7611979166666667 0.6974537037037037 0.0828125 0.14675925925925926
2 0.26119791666666664 0.45532407407407405 0.0828125 0.1476851851851852
3 0.4044270833333333 0.3525462962962963 0.04114583333333333 0.0763888888888889
4 0.30520833333333336 0.16342592592592592 0.08333333333333333 0.21388888888888888
5 0.6770833333333334 0.31550925925925927 0.11145833333333334 0.18287037037037038
7 0.5658854166666667 0.43310185185185185 0.12447916666666667 0.2125
8 0.37864583333333335 0.6092592592592593 0.08229166666666667 0.18703703703703703
9 0.45729166666666665 0.18611111111111112 0.046875 0.08611111111111111
