0 0.4864583333333333 0.9368055555555556 0.11354166666666667 0.12453703703703704
1 0.70625 0.7502314814814814 0.040625 0.07824074074074074
2 0.7841145833333333 0.5513888888888889 0.09010416666666667 0.15092592592592594
2 0.5716145833333334 0.6719907407407407 0.07552083333333333 0.12731481481481483
2 0.2677083333333333 0.5699074074074074 0.08541666666666667 0.14722222222222223
3 0.3885416666666667 0.40023148148148147 0.042708333333333334 0.07916666666666666
4 0.2609375 0.262037037037037 0.057291666666666664 0.2222222222222222
5 0.6450520833333333 0.22592592592592592 0.12135416666666667 0.1398148148148148
7 0.5583333333333333 0.39351851851851855 0.13333333333333333 0.1787037037037037
8 0.4046875 0.6668981481481482 0.09791666666666667 0.15416666666666667
9 0.41171875 0.21319444444444444 0.043229166666666666 0.08935185185185185
11 0.42682291666666666 0.06435185185185185 0.13385416666666666 0.08518518518518518
