0 0.5651041666666666 0.9060185185185186 0.1 0.16111111111111112
1 0.753125 0.6351851851851852 0.041666666666666664 0.07222222222222222
2 0.8013020833333333 0.4099537037037037 0.08802083333333334 0.14583333333333334
2 0.6114583333333333 0.6155092592592593 0.08229166666666667 0.1375
2 0.30494791666666665 0.6444444444444445 0.08385416666666666 0.1398148148148148
3 0.39869791666666665 0.42800925925925926 0.04010416666666667 0.07083333333333333
4 0.2557291666666667 0.3488425925925926 0.03333333333333333 0.22916666666666666
5 0.6223958333333334 0.1550925925925926 0.12291666666666666 0.09444444444444444
7 0.5627604166666667 0.35 0.12864583333333332 0.13240740740740742
8 0.4484375 0.6789351851851851 0.10833333333333334 0.13472222222222222
9 0.3963541666666667 0.2337962962962963 0.042708333333333334 0.08981481481481482
10 0.7513020833333334 0.8747685185185186 0.06927083333333334 0.1087962962962963
11 0.38828125 0.07337962962962963 0.13489583333333333 0.0875
