0 0.565234375 0.029166666666666667 0.12161458333333333 0.044444444444444446
2 0.21158854166666666 0.1037037037037037 0.07421875 0.1361111111111111
2 0.433984375 0.16782407407407407 0.07057291666666667 0.12083333333333333
2 0.6765625 0.48217592592592595 0.08072916666666667 0.13935185185185187
3 0.530859375 0.5527777777777778 0.04244791666666667 0.0712962962962963
4 0.6141927083333333 0.7803240740740741 0.09036458333333333 0.20601851851851852
5 0.24518229166666666 0.5122685185185185 0.10286458333333333 0.20324074074074075
7 0.374609375 0.41458333333333336 0.11848958333333333 0.22916666666666666
8 0.576171875 0.3 0.07369791666666667 0.17962962962962964
9 0.46067708333333335 0.7118055555555556 0.0484375 0.08287037037037037
11 0.40533854166666666 0.8560185185185185 0.13880208333333333 0.17962962962962964
