0 0.6770833333333334 0.23310185185185187 0.09791666666666667 0.1439814814814815
2 0.5184895833333333 0.20532407407407408 0.08020833333333334 0.1439814814814815
2 0.5993489583333333 0.7245370370370371 0.07265625 0.13240740740740742
3 0.4591145833333333 0.6150462962962963 0.044270833333333336 0.07916666666666666
4 0.447265625 0.892824074074074 0.12786458333333334 0.11157407407407408
5 0.2537760416666667 0.2763888888888889 0.03411458333333333 0.22870370370370371
7 0.383984375 0.33564814814814814 0.053385416666666664 0.2388888888888889
8 0.5869791666666667 0.47129629629629627 0.0640625 0.1962962962962963
9 0.34713541666666664 0.6673611111111111 0.0515625 0.08101851851851852
11 0.24791666666666667 0.7215277777777778 0.07708333333333334 0.25046296296296294
