0 0.6765625 0.7592592592592593 0.049479166666666664 0.2111111111111111
1 0.7470052083333333 0.3627314814814815 0.04296875 0.0699074074074074
2 0.7233072916666666 0.1363425925925926 0.07005208333333333 0.12453703703703704
2 0.6299479166666667 0.47129629629629627 0.07604166666666666 0.13333333333333333
2 0.37838541666666664 0.7847222222222222 0.06979166666666667 0.11481481481481481
3 0.394140625 0.5125 0.04140625 0.07314814814814814
4 0.244140625 0.5805555555555556 0.08880208333333334 0.2074074074074074
5 0.5010416666666667 0.07847222222222222 0.1171875 0.12175925925925926
7 0.5127604166666667 0.29421296296296295 0.1296875 0.15601851851851853
8 0.5098958333333333 0.6726851851851852 0.109375 0.1
9 0.33255208333333336 0.3490740740740741 0.049479166666666664 0.08796296296296297
10 0.8170572916666666 0.5601851851851852 0.06901041666666667 0.1175925925925926
11 0.280078125 0.21481481481481482 0.12213541666666666 0.1824074074074074
