0 0.633203125 0.8701388888888889 0.07265625 0.1986111111111111
1 0.7615885416666667 0.5122685185185185 0.04401041666666667 0.07083333333333333
2 0.7716145833333333 0.2773148148148148 0.08125 0.13796296296296295
2 0.6291666666666667 0.5659722222222222 0.0828125 0.14305555555555555
2 0.3399739583333333 0.7560185185185185 0.07369791666666667 0.11851851851851852
3 0.3938802083333333 0.4981481481481482 0.03984375 0.07222222222222222
4 0.24088541666666666 0.4946759259259259 0.06510416666666667 0.21898148148148147
5 0.559765625 0.12685185185185185 0.12578125 0.07962962962962963
7 0.53828125 0.34050925925925923 0.12708333333333333 0.1087962962962963
8 0.48125 0.7099537037037037 0.11197916666666667 0.11064814814814815
9 0.3592447916666667 0.30995370370370373 0.046614583333333334 0.08472222222222223
10 0.8014322916666666 0.7379629629629629 0.07005208333333333 0.1175925925925926
11 0.32669270833333336 0.16041666666666668 0.13046875 0.1375
