1 0.22825520833333332 0.2689814814814815 0.04088541666666667 0.07407407407407407
2 0.16901041666666666 0.49166666666666664 0.09375 0.14814814814814814
2 0.36953125 0.27685185185185185 0.08125 0.14907407407407408
2 0.6665364583333333 0.23935185185185184 0.08359375 0.1388888888888889
3 0.5865885416666666 0.4615740740740741 0.037760416666666664 0.07037037037037037
4 0.73203125 0.5296296296296297 0.044270833333333336 0.22407407407407406
5 0.358203125 0.7641203703703704 0.13307291666666668 0.09305555555555556
7 0.422265625 0.538425925925926 0.13619791666666667 0.13518518518518519
8 0.5322916666666667 0.21087962962962964 0.1078125 0.12916666666666668
9 0.5971354166666667 0.6594907407407408 0.046875 0.08657407407407407
11 0.6096354166666667 0.8395833333333333 0.14583333333333334 0.09953703703703703
