0 0.65390625 0.8361111111111111 0.06354166666666666 0.20555555555555555
1 0.7580729166666667 0.45717592592592593 0.041666666666666664 0.06712962962962964
2 0.752734375 0.2196759259259259 0.07578125 0.12916666666666668
2 0.63125 0.5349537037037037 0.07864583333333333 0.14212962962962963
2 0.35442708333333334 0.7842592592592592 0.06822916666666666 0.10925925925925926
3 0.39309895833333336 0.5148148148148148 0.04140625 0.07777777777777778
4 0.23828125 0.5418981481481482 0.08020833333333334 0.21712962962962962
5 0.5368489583333333 0.11087962962962963 0.11901041666666666 0.09768518518518518
7 0.527734375 0.3300925925925926 0.12734375 0.13333333333333333
8 0.49322916666666666 0.705787037037037 0.11041666666666666 0.10694444444444444
9 0.3453125 0.33402777777777776 0.04479166666666667 0.0837962962962963
10 0.81171875 0.6717592592592593 0.06666666666666667 0.11388888888888889
11 0.30390625 0.1909722222222222 0.12864583333333332 0.16064814814814815
