0 0.70390625 0.6699074074074074 0.034375 0.22407407407407406
1 0.716015625 0.25416666666666665 0.040364583333333336 0.07222222222222222
2 0.660546875 0.053703703703703705 0.07265625 0.10740740740740741
2 0.61953125 0.4127314814814815 0.06875 0.12638888888888888
2 0.423046875 0.8347222222222223 0.07838541666666667 0.1388888888888889
3 0.39700520833333336 0.5622685185185186 0.04244791666666667 0.07175925925925926
4 0.259375 0.6988425925925926 0.11302083333333333 0.1837962962962963
5 0.43971354166666665 0.08842592592592592 0.11640625 0.1685185185185185
7 0.479296875 0.2972222222222222 0.12734375 0.19722222222222222
8 0.536328125 0.6620370370370371 0.10807291666666667 0.11944444444444445
9 0.31302083333333336 0.4303240740740741 0.04895833333333333 0.09490740740740741
10 0.8115885416666667 0.4131944444444444 0.06796875 0.10787037037037037
11 0.24140625 0.32523148148148145 0.10625 0.2263888888888889
