0 0.51875 0.9219907407407407 0.10833333333333334 0.1375
1 0.7247395833333333 0.6962962962962963 0.043229166666666666 0.0787037037037037
2 0.78984375 0.48564814814814816 0.09010416666666667 0.14907407407407408
2 0.58671875 0.64375 0.0765625 0.13472222222222222
2 0.2794270833333333 0.6011574074074074 0.08697916666666666 0.14212962962962963
3 0.3888020833333333 0.4078703703703704 0.0421875 0.07407407407407407
4 0.253125 0.29398148148148145 0.04479166666666667 0.22592592592592592
5 0.63203125 0.18773148148148147 0.1234375 0.1162037037037037
7 0.5567708333333333 0.37037037037037035 0.13229166666666667 0.15925925925925927
8 0.4192708333333333 0.6726851851851852 0.10520833333333333 0.14074074074074075
9 0.40078125 0.21643518518518517 0.04635416666666667 0.08935185185185185
10 0.7059895833333333 0.9337962962962963 0.0703125 0.12222222222222222
11 0.4046875 0.06273148148148149 0.13541666666666666 0.07824074074074074
