0 0.6501302083333333 0.16435185185185186 0.10755208333333334 0.11388888888888889
2 0.49244791666666665 0.18472222222222223 0.0828125 0.14629629629629629
2 0.6221354166666667 0.6662037037037037 0.06354166666666666 0.11851851851851852
3 0.47434895833333335 0.6025462962962963 0.040364583333333336 0.0699074074074074
4 0.48919270833333334 0.8831018518518519 0.12473958333333333 0.1412037037037037
5 0.234375 0.3326388888888889 0.053125 0.2273148148148148
7 0.371875 0.3560185185185185 0.06979166666666667 0.23981481481481481
8 0.5850260416666667 0.42453703703703705 0.05703125 0.2037037037037037
9 0.37057291666666664 0.6930555555555555 0.05 0.08888888888888889
11 0.27825520833333334 0.7706018518518518 0.09557291666666666 0.2439814814814815
