1 0.2928385416666667 0.10231481481481482 0.03984375 0.07592592592592592
2 0.1859375 0.24537037037037038 0.08541666666666667 0.14907407407407408
2 0.4141927083333333 0.20833333333333334 0.06744791666666666 0.12222222222222222
2 0.6942708333333333 0.3972222222222222 0.0859375 0.14722222222222223
3 0.5651041666666666 0.5356481481481481 0.043229166666666666 0.07407407407407407
4 0.680078125 0.7097222222222223 0.06848958333333334 0.225
5 0.284765625 0.6298611111111111 0.12265625 0.1597222222222222
7 0.39765625 0.47476851851851853 0.13125 0.20324074074074075
8 0.5751302083333333 0.2655092592592593 0.08880208333333334 0.16157407407407406
9 0.5255208333333333 0.719212962962963 0.046875 0.08564814814814815
11 0.4934895833333333 0.8798611111111111 0.14322916666666666 0.12731481481481483
