0 0.7268229166666667 0.5168981481481482 0.0640625 0.20416666666666666
1 0.6447916666666667 0.13333333333333333 0.043229166666666666 0.07314814814814814
2 0.5958333333333333 0.34467592592592594 0.06875 0.12824074074074074
2 0.515625 0.8715277777777778 0.0828125 0.15601851851851853
3 0.42682291666666666 0.6435185185185185 0.044270833333333336 0.075
4 0.33229166666666665 0.8701388888888889 0.13072916666666667 0.11157407407407408
5 0.35065104166666666 0.17569444444444443 0.08255208333333333 0.21898148148148147
7 0.4412760416666667 0.3351851851851852 0.10546875 0.2361111111111111
8 0.5813802083333334 0.6342592592592593 0.08932291666666667 0.1685185185185185
9 0.3171875 0.5828703703703704 0.05 0.09166666666666666
10 0.76640625 0.20671296296296296 0.06666666666666667 0.12731481481481483
11 0.22734375 0.5453703703703704 0.06302083333333333 0.25
