0 0.7260416666666667 0.5597222222222222 0.0484375 0.21296296296296297
1 0.6614583333333334 0.1613425925925926 0.0421875 0.06620370370370371
2 0.6009114583333334 0.36689814814814814 0.06380208333333333 0.12546296296296297
2 0.49166666666666664 0.8780092592592592 0.08229166666666667 0.1550925925925926
3 0.416015625 0.6347222222222222 0.04296875 0.08055555555555556
4 0.31080729166666665 0.8418981481481481 0.13203125 0.12824074074074074
5 0.3673177083333333 0.15416666666666667 0.08880208333333334 0.20925925925925926
7 0.44895833333333335 0.3326388888888889 0.1140625 0.23657407407407408
8 0.5705729166666667 0.6509259259259259 0.09583333333333334 0.16296296296296298
9 0.31223958333333335 0.5574074074074075 0.0484375 0.08981481481481482
10 0.779296875 0.2571759259259259 0.07109375 0.12175925925925926
11 0.22473958333333333 0.5013888888888889 0.07604166666666666 0.25092592592592594
