0 0.6434895833333333 0.14074074074074075 0.11145833333333334 0.10555555555555556
2 0.4861979166666667 0.18356481481481482 0.08020833333333334 0.1439814814814815
2 0.6380208333333334 0.6430555555555556 0.06510416666666667 0.11944444444444445
3 0.487109375 0.6006944444444444 0.04192708333333333 0.08009259259259259
4 0.5126302083333333 0.8775462962962963 0.12213541666666666 0.1597222222222222
5 0.23763020833333334 0.3645833333333333 0.05963541666666667 0.2300925925925926
7 0.3736979166666667 0.3648148148148148 0.08125 0.2361111111111111
8 0.58828125 0.4101851851851852 0.0546875 0.19444444444444445
9 0.38619791666666664 0.7 0.04791666666666667 0.08888888888888889
11 0.2986979166666667 0.7925925925925926 0.10104166666666667 0.2351851851851852
