0 0.665234375 0.1988425925925926 0.10130208333333333 0.12916666666666668
2 0.505078125 0.1909722222222222 0.07786458333333333 0.14675925925925926
2 0.610546875 0.6944444444444444 0.07057291666666667 0.12962962962962962
3 0.465234375 0.607175925925926 0.04244791666666667 0.07731481481481481
4 0.46510416666666665 0.8888888888888888 0.13020833333333334 0.12962962962962962
5 0.24296875 0.29814814814814816 0.03697916666666667 0.23333333333333334
7 0.378125 0.3421296296296296 0.0640625 0.23425925925925925
8 0.5850260416666667 0.44560185185185186 0.061197916666666664 0.20046296296296295
9 0.35651041666666666 0.674074074074074 0.05 0.08888888888888889
11 0.2596354166666667 0.7414351851851851 0.084375 0.24305555555555555
