0 0.647265625 0.1553240740740741 0.10703125 0.11157407407407408
2 0.487890625 0.18449074074074073 0.07786458333333333 0.1439814814814815
2 0.6294270833333333 0.6578703703703703 0.06510416666666667 0.12129629629629629
3 0.4798177083333333 0.6050925925925926 0.040364583333333336 0.07314814814814814
4 0.49856770833333336 0.8782407407407408 0.12317708333333334 0.14907407407407408
5 0.235546875 0.34652777777777777 0.05651041666666667 0.2273148148148148
7 0.373046875 0.3597222222222222 0.07630208333333334 0.23981481481481481
8 0.586328125 0.41805555555555557 0.054427083333333334 0.1962962962962963
9 0.3763020833333333 0.6953703703703704 0.04739583333333333 0.08796296296296297
11 0.2852864583333333 0.7828703703703703 0.10026041666666667 0.23703703703703705
