0 0.6690104166666667 0.7951388888888888 0.0515625 0.20601851851851852
1 0.75 0.40185185185185185 0.04375 0.075
2 0.7326822916666667 0.17430555555555555 0.07265625 0.12731481481481483
2 0.6286458333333333 0.5027777777777778 0.07864583333333333 0.13518518518518519
2 0.37135416666666665 0.7956018518518518 0.07083333333333333 0.1125
3 0.39205729166666664 0.5217592592592593 0.04244791666666667 0.07037037037037037
4 0.24192708333333332 0.5768518518518518 0.0875 0.20833333333333334
5 0.5123697916666666 0.09976851851851852 0.11744791666666667 0.11435185185185186
7 0.5161458333333333 0.3164351851851852 0.12916666666666668 0.14675925925925926
8 0.5032552083333334 0.6958333333333333 0.10963541666666667 0.09259259259259259
9 0.3380208333333333 0.3523148148148148 0.049479166666666664 0.08888888888888889
10 0.8153645833333333 0.6057870370370371 0.06875 0.11342592592592593
11 0.28658854166666664 0.21851851851851853 0.12317708333333334 0.1787037037037037
