0 0.6859375 0.27847222222222223 0.0953125 0.15787037037037038
2 0.5263020833333333 0.22523148148148148 0.07864583333333333 0.1439814814814815
2 0.5834635416666667 0.7525462962962963 0.07630208333333334 0.14305555555555555
3 0.4498697916666667 0.6238425925925926 0.04088541666666667 0.07083333333333333
4 0.42278645833333334 0.9013888888888889 0.13203125 0.09259259259259259
5 0.2598958333333333 0.2550925925925926 0.044270833333333336 0.2222222222222222
7 0.3875 0.33564814814814814 0.06041666666666667 0.23333333333333334
8 0.5833333333333334 0.49907407407407406 0.06666666666666667 0.1925925925925926
9 0.33567708333333335 0.6578703703703703 0.05 0.08611111111111111
11 0.23333333333333334 0.6967592592592593 0.06614583333333333 0.25277777777777777
