0 0.5640625 0.9025462962962963 0.10104166666666667 0.16435185185185186
1 0.7510416666666667 0.6326388888888889 0.04375 0.07083333333333333
2 0.8005208333333333 0.40902777777777777 0.0875 0.1439814814814815
2 0.61015625 0.611574074074074 0.08177083333333333 0.13796296296296295
2 0.3033854166666667 0.6398148148148148 0.0828125 0.13703703703703704
3 0.39791666666666664 0.425462962962963 0.040625 0.07592592592592592
4 0.25494791666666666 0.34421296296296294 0.0328125 0.22175925925925927
5 0.62109375 0.15416666666666667 0.12447916666666667 0.09907407407407408
7 0.5619791666666667 0.3511574074074074 0.13020833333333334 0.13472222222222222
8 0.44557291666666665 0.6747685185185185 0.1078125 0.13842592592592592
9 0.3958333333333333 0.23217592592592592 0.04375 0.09027777777777778
10 0.74921875 0.8719907407407408 0.07239583333333334 0.11435185185185186
11 0.38723958333333336 0.07083333333333333 0.1359375 0.0824074074074074
