0 0.6826822916666667 0.742824074074074 0.045572916666666664 0.21064814814814814
1 0.7470052083333333 0.3425925925925926 0.04505208333333333 0.06944444444444445
2 0.7190104166666667 0.11851851851851852 0.06875 0.12222222222222222
2 0.6299479166666667 0.4550925925925926 0.07708333333333334 0.13425925925925927
2 0.38528645833333336 0.7851851851851852 0.07213541666666666 0.12129629629629629
3 0.39544270833333334 0.5104166666666666 0.040364583333333336 0.07083333333333333
4 0.24622395833333333 0.5872685185185185 0.09505208333333333 0.2050925925925926
5 0.4967447916666667 0.06967592592592593 0.11953125 0.12731481481481483
7 0.509375 0.28379629629629627 0.1296875 0.16111111111111112
8 0.5131510416666667 0.6638888888888889 0.11015625 0.1
9 0.33098958333333334 0.35300925925925924 0.049479166666666664 0.08564814814814815
10 0.8194010416666667 0.5344907407407408 0.06848958333333334 0.11527777777777778
11 0.27591145833333336 0.21828703703703703 0.12005208333333334 0.18564814814814815
