0 0.325390625 0.1900462962962963 0.05651041666666667 0.1986111111111111
1 0.23138020833333334 0.575 0.04088541666666667 0.06851851851851852
2 0.59609375 0.44699074074074074 0.03802083333333333 0.06712962962962964
3 0.61171875 0.18472222222222223 0.06927083333333334 0.11851851851851852
3 0.358203125 0.46458333333333335 0.07890625 0.13935185185185187
3 0.24244791666666668 0.819675925925926 0.078125 0.12731481481481483
4 0.7423177083333333 0.3905092592592593 0.08828125 0.2023148148148148
5 0.47630208333333335 0.8981481481481481 0.12708333333333333 0.12037037037037036
7 0.47421875 0.6509259259259259 0.13125 0.1527777777777778
8 0.487109375 0.2763888888888889 0.10859375 0.09444444444444444
9 0.65546875 0.6150462962962963 0.0484375 0.07916666666666666
10 0.17473958333333334 0.3662037037037037 0.06614583333333333 0.12222222222222222
11 0.7088541666666667 0.7594907407407407 0.12604166666666666 0.1884259259259259
