0 0.5559895833333334 0.9064814814814814 0.0984375 0.15648148148148147
1 0.7463541666666667 0.6414351851851852 0.04479166666666667 0.0699074074074074
2 0.7984375 0.41759259259259257 0.08958333333333333 0.14907407407407408
2 0.60625 0.6164351851851851 0.08229166666666667 0.13564814814814816
2 0.2986979166666667 0.631712962962963 0.08385416666666666 0.13657407407407407
3 0.3963541666666667 0.41921296296296295 0.041666666666666664 0.07175925925925926
4 0.25338541666666664 0.33310185185185187 0.0328125 0.22824074074074074
5 0.6234375 0.15625 0.12291666666666666 0.10046296296296296
7 0.5611979166666666 0.35185185185185186 0.1296875 0.14074074074074075
8 0.44114583333333335 0.6743055555555556 0.10833333333333334 0.13564814814814816
9 0.3963541666666667 0.22407407407407406 0.04583333333333333 0.09074074074074075
10 0.7432291666666667 0.8807870370370371 0.07291666666666667 0.11527777777777778
11 0.3890625 0.0625 0.134375 0.08425925925925926
