0 0.6455729166666667 0.8525462962962963 0.06614583333333333 0.20416666666666666
1 0.761328125 0.4847222222222222 0.04348958333333333 0.07314814814814814
2 0.76484375 0.24814814814814815 0.0796875 0.13148148148148148
2 0.6309895833333333 0.5523148148148148 0.08020833333333334 0.14074074074074075
2 0.34817708333333336 0.7710648148148148 0.06770833333333333 0.1162037037037037
3 0.3938802083333333 0.5064814814814815 0.04088541666666667 0.07314814814814814
4 0.24192708333333332 0.5196759259259259 0.06927083333333334 0.2199074074074074
5 0.5501302083333334 0.1175925925925926 0.11953125 0.08703703703703704
7 0.5346354166666667 0.337037037037037 0.12864583333333332 0.12129629629629629
8 0.488671875 0.7097222222222223 0.11067708333333333 0.10462962962962963
9 0.3541666666666667 0.3226851851851852 0.0453125 0.08888888888888889
10 0.8076822916666667 0.7067129629629629 0.07057291666666667 0.11435185185185186
11 0.31614583333333335 0.17662037037037037 0.1296875 0.15416666666666667
