1 0.260546875 0.18888888888888888 0.04192708333333333 0.07407407407407407
2 0.17356770833333332 0.37754629629629627 0.08984375 0.15138888888888888
2 0.39348958333333334 0.2462962962962963 0.07760416666666667 0.1388888888888889
2 0.6916666666666667 0.3229166666666667 0.0828125 0.14212962962962963
3 0.5837239583333333 0.5064814814814815 0.04140625 0.0712962962962963
4 0.71796875 0.63125 0.0453125 0.22824074074074074
5 0.3216145833333333 0.7136574074074075 0.13072916666666667 0.1300925925925926
7 0.41236979166666665 0.518287037037037 0.13567708333333334 0.17546296296296296
8 0.5580729166666667 0.23587962962962963 0.1 0.14027777777777778
9 0.567578125 0.7032407407407407 0.045572916666666664 0.08981481481481482
11 0.560546875 0.8731481481481481 0.14244791666666667 0.08611111111111111
