1 0.28177083333333336 0.12824074074074074 0.042708333333333334 0.07685185185185185
2 0.182421875 0.28379629629629627 0.08515625 0.14722222222222223
2 0.408984375 0.22013888888888888 0.07109375 0.12453703703703704
2 0.6932291666666667 0.3770833333333333 0.0859375 0.1476851851851852
3 0.5701822916666667 0.5296296296296297 0.040364583333333336 0.07962962962962963
4 0.6899739583333333 0.6921296296296297 0.062239583333333334 0.225
5 0.294921875 0.6555555555555556 0.12369791666666667 0.15185185185185185
7 0.40091145833333336 0.4935185185185185 0.13567708333333334 0.19722222222222222
8 0.569140625 0.25810185185185186 0.09192708333333334 0.15324074074074073
9 0.5360677083333333 0.719212962962963 0.04973958333333333 0.0837962962962963
11 0.5123697916666666 0.8791666666666667 0.14401041666666667 0.1175925925925926
