0 0.6807291666666667 0.24814814814814815 0.09791666666666667 0.14722222222222223
2 0.5223958333333333 0.21226851851851852 0.08125 0.14583333333333334
2 0.5930989583333334 0.7363425925925926 0.07526041666666666 0.14027777777777778
3 0.4563802083333333 0.6180555555555556 0.04088541666666667 0.07314814814814814
4 0.43802083333333336 0.8949074074074074 0.13020833333333334 0.10925925925925926
5 0.25638020833333336 0.26805555555555555 0.03828125 0.22962962962962963
7 0.38619791666666664 0.3386574074074074 0.058854166666666666 0.2310185185185185
8 0.5856770833333333 0.48217592592592595 0.06458333333333334 0.19675925925925927
9 0.34283854166666666 0.6620370370370371 0.05182291666666667 0.09166666666666666
11 0.24244791666666668 0.7127314814814815 0.07395833333333333 0.2523148148148148
