0 0.6708333333333333 0.7782407407407408 0.04895833333333333 0.20833333333333334
1 0.7470052083333333 0.38310185185185186 0.04088541666666667 0.07083333333333333
2 0.7263020833333333 0.15555555555555556 0.06927083333333334 0.12314814814814815
2 0.62890625 0.4875 0.07395833333333333 0.1361111111111111
2 0.37265625 0.7925925925925926 0.06822916666666666 0.11666666666666667
3 0.39153645833333334 0.5208333333333334 0.040364583333333336 0.07222222222222222
4 0.240234375 0.5810185185185185 0.08880208333333334 0.20833333333333334
5 0.5045572916666666 0.08935185185185185 0.11796875 0.11944444444444445
7 0.5123697916666666 0.30833333333333335 0.13151041666666666 0.15092592592592594
8 0.505078125 0.6849537037037037 0.10911458333333333 0.09675925925925925
9 0.33203125 0.35439814814814813 0.049479166666666664 0.08472222222222223
10 0.8153645833333333 0.5831018518518518 0.06770833333333333 0.11157407407407408
11 0.28151041666666665 0.21666666666666667 0.12395833333333334 0.1787037037037037
