0 0.3296875 0.19583333333333333 0.06041666666666667 0.20277777777777778
1 0.2265625 0.5703703703703704 0.041666666666666664 0.07777777777777778
2 0.35442708333333334 0.47129629629629627 0.0796875 0.14907407407407408
2 0.61328125 0.20856481481481481 0.06927083333333334 0.12361111111111112
2 0.23020833333333332 0.8148148148148148 0.08229166666666667 0.13148148148148148
3 0.5908854166666667 0.4708333333333333 0.043229166666666666 0.07407407407407407
4 0.7411458333333333 0.4238425925925926 0.08645833333333333 0.2125
5 0.46119791666666665 0.9120370370370371 0.12864583333333332 0.11388888888888889
7 0.46432291666666664 0.6671296296296296 0.13385416666666666 0.15
8 0.48671875 0.29282407407407407 0.10989583333333333 0.09861111111111111
9 0.6479166666666667 0.6439814814814815 0.05 0.08518518518518518
10 0.17395833333333333 0.36226851851851855 0.06770833333333333 0.11805555555555555
11 0.6989583333333333 0.7930555555555555 0.12708333333333333 0.18796296296296297
