0 0.7295572916666667 0.48703703703703705 0.06276041666666667 0.1962962962962963
1 0.6319010416666667 0.11157407407407408 0.04296875 0.0712962962962963
2 0.5897135416666667 0.3263888888888889 0.07265625 0.13703703703703704
2 0.527734375 0.8643518518518518 0.08255208333333333 0.16111111111111112
3 0.4298177083333333 0.6451388888888889 0.04453125 0.08009259259259259
4 0.3444010416666667 0.8784722222222222 0.13463541666666667 0.09675925925925925
5 0.3390625 0.17916666666666667 0.08072916666666667 0.21574074074074073
7 0.4356770833333333 0.33912037037037035 0.09947916666666666 0.24027777777777778
8 0.5850260416666667 0.617824074074074 0.08723958333333333 0.1736111111111111
9 0.3190104166666667 0.5946759259259259 0.04791666666666667 0.08564814814814815
10 0.7537760416666667 0.17337962962962963 0.06744791666666666 0.11342592592592593
11 0.22799479166666667 0.5678240740740741 0.05755208333333333 0.26064814814814813
