1 0.239453125 0.24976851851851853 0.04088541666666667 0.07731481481481481
2 0.16979166666666667 0.45902777777777776 0.0953125 0.15231481481481482
2 0.37786458333333334 0.27337962962962964 0.08177083333333333 0.14583333333333334
2 0.67734375 0.2689814814814815 0.08333333333333333 0.13703703703703704
3 0.5873697916666667 0.47638888888888886 0.039322916666666666 0.07592592592592592
4 0.730859375 0.5636574074074074 0.04088541666666667 0.2273148148148148
5 0.34817708333333336 0.7516203703703703 0.13229166666666667 0.09768518518518518
7 0.421484375 0.5310185185185186 0.13463541666666667 0.14814814814814814
8 0.542578125 0.21666666666666667 0.10546875 0.13518518518518519
9 0.5901041666666667 0.6766203703703704 0.04791666666666667 0.08564814814814815
11 0.5973958333333333 0.8604166666666667 0.14322916666666666 0.08194444444444444
