0 0.31692708333333336 0.20925925925925926 0.0484375 0.2037037037037037
1 0.244140625 0.6085648148148148 0.04348958333333333 0.07175925925925926
2 0.2688802083333333 0.8469907407407408 0.07682291666666667 0.12268518518518519
2 0.3670572916666667 0.4777777777777778 0.07838541666666667 0.1398148148148148
2 0.600390625 0.15648148148148147 0.07057291666666667 0.12962962962962962
3 0.5998697916666667 0.42106481481481484 0.04348958333333333 0.0763888888888889
4 0.7434895833333334 0.34097222222222223 0.09739583333333333 0.20416666666666666
5 0.50625 0.8895833333333333 0.1296875 0.14027777777777778
7 0.4889322916666667 0.6381944444444444 0.13411458333333334 0.1726851851851852
8 0.48151041666666666 0.2659722222222222 0.11041666666666666 0.10787037037037037
9 0.6671875 0.575462962962963 0.05 0.08518518518518518
10 0.17708333333333334 0.4097222222222222 0.06770833333333333 0.12222222222222222
11 0.730078125 0.7081018518518518 0.11901041666666666 0.2023148148148148
